1	10.928	0.000	0.500	45.000	0.0
1	11.028	0.000	0.500	45.000	0.0
1	11.128	0.000	0.500	45.000	0.0
1	11.228	0.000	0.500	45.000	0.0
1	11.328	0.000	0.500	45.000	0.0
1	11.428	0.000	0.500	45.000	0.0
1	11.516	0.000	0.500	45.000	0.0
1	11.608	0.000	0.500	45.000	0.0
1	11.708	0.000	0.500	45.000	0.0
1	11.788	0.000	0.500	45.000	0.0
1	11.888	0.000	0.500	45.000	0.0
1	11.972	0.000	0.500	45.000	0.0
1	12.072	0.000	0.500	45.000	0.0
1	12.172	0.000	0.500	45.000	0.0
1	12.260	0.000	0.500	45.000	0.0
1	12.360	0.000	0.500	45.000	0.0
1	12.460	0.000	0.500	45.000	0.0
1	12.560	0.000	0.500	45.000	0.0
1	12.660	0.000	0.500	45.000	0.0
1	12.760	0.000	0.500	45.000	0.0
1	12.792	0.000	0.500	45.000	0.0
1	12.892	0.000	0.500	42.600	0.0
1	12.992	0.000	0.500	37.800	0.0
1	13.092	0.000	0.500	30.600	0.0
1	13.192	0.000	0.500	22.600	0.0
1	13.285	0.000	0.500	15.220	0.0
1	13.380	0.000	0.500	7.550	0.0
1	13.480	0.000	0.500	1.950	0.0
1	13.545	0.000	0.500	359.347	0.0
1	13.645	0.000	0.500	357.685	0.0
1	13.745	0.000	0.500	357.685	0.0
1	13.808	0.000	0.500	357.685	0.0
1	13.908	0.000	0.500	355.285	0.0
1	14.004	0.000	0.500	350.809	0.0
1	14.076	0.000	0.500	346.186	0.0
1	14.164	0.000	0.500	339.152	0.0
1	14.264	0.000	0.500	331.152	0.0
1	14.364	0.000	0.500	323.152	0.0
1	14.464	0.000	0.500	315.152	0.0
1	14.564	0.000	0.500	307.152	0.0
1	14.652	0.000	0.500	300.093	0.0
1	14.752	0.000	0.500	292.093	0.0
1	14.852	0.000	0.500	284.093	0.0
1	14.908	0.000	0.500	279.621	0.0
1	15.008	0.000	0.500	271.621	0.0
1	15.108	0.000	0.500	263.621	0.0
1	15.208	0.000	0.500	255.621	0.0
1	15.308	0.000	0.500	247.621	0.0
1	15.396	0.000	0.500	240.572	0.0
1	15.496	0.000	0.500	232.572	0.0
1	15.552	0.000	0.500	228.102	0.0
1	15.652	0.000	0.500	220.102	0.0
1	15.720	0.000	0.500	214.662	0.0
1	15.820	0.000	0.500	206.662	0.0
1	15.920	0.000	0.500	198.662	0.0
1	15.988	0.000	0.500	193.231	0.0
1	16.088	0.000	0.500	185.231	0.0
1	16.151	0.000	0.500	180.170	0.0
1	16.251	0.000	0.500	172.170	0.0
1	16.351	0.000	0.500	164.170	0.0
1	16.403	0.000	0.500	159.996	0.0
1	16.503	0.000	0.500	151.996	0.0
1	16.599	0.000	0.500	144.293	0.0
1	16.699	0.000	0.500	136.294	0.0
1	16.799	0.000	0.500	128.294	0.0
1	16.887	0.000	0.500	121.268	0.0
1	16.959	0.000	0.500	115.490	0.0
1	17.059	0.000	0.500	107.490	0.0
1	17.159	0.000	0.500	99.490	0.0
1	17.220	0.000	0.500	94.683	0.0
1	17.319	0.000	0.500	86.706	0.0
1	17.411	0.000	0.500	79.344	0.0
1	17.504	0.000	0.500	71.954	0.0
1	17.604	0.000	0.500	63.954	0.0
1	17.704	0.000	0.500	55.954	0.0
1	17.804	0.000	0.500	50.354	0.0
1	17.892	0.000	0.500	47.285	0.0
1	17.976	0.000	0.500	46.048	0.0
1	18.076	0.000	0.500	46.048	0.0
1	18.176	0.000	0.500	48.448	0.0
1	18.240	0.000	0.500	50.972	0.0
1	18.340	0.000	0.500	57.310	0.0
1	18.412	0.000	0.500	63.063	0.0
1	18.512	0.000	0.500	71.063	0.0
1	18.575	0.000	0.500	76.155	0.0
1	18.675	0.000	0.500	81.755	0.0
1	18.751	0.000	0.500	84.623	0.0
1	18.827	0.000	0.500	86.108	0.0
1	18.927	0.000	0.500	90.466	0.0
1	19.003	0.000	0.500	92.392	0.0
1	19.103	0.000	0.500	92.522	0.0
1	19.195	0.000	0.500	92.522	0.0
1	19.271	0.000	0.500	92.522	0.0
1	19.347	0.000	0.500	92.522	0.0
1	19.447	0.000	0.500	92.522	0.0
1	19.539	0.000	0.500	90.486	0.0
1	19.639	0.000	0.500	90.486	0.0
1	19.723	0.000	0.500	90.486	0.0
1	19.823	0.000	0.500	90.486	0.0
1	19.884	0.000	0.500	90.486	0.0
1	19.984	0.000	0.500	90.486	0.0
1	20.064	0.000	0.500	90.486	0.0
1	20.164	0.000	0.500	90.486	0.0
1	20.248	0.027	0.500	90.486	0.0
1	20.348	0.059	0.499	90.486	0.0
1	20.420	0.082	0.499	90.486	0.0
1	20.520	0.114	0.499	90.486	0.0
1	20.604	0.141	0.499	90.486	0.0
1	20.704	0.141	0.499	90.486	0.0
1	20.780	0.141	0.499	90.486	0.0
1	20.880	0.141	0.499	90.486	0.0
1	20.948	0.141	0.499	90.486	0.0
1	21.048	0.141	0.499	90.486	0.0
1	21.120	0.141	0.499	90.486	0.0
1	21.220	0.141	0.499	90.486	0.0
1	21.320	0.141	0.499	90.486	0.0
1	21.391	0.141	0.499	90.486	0.0
1	21.491	0.141	0.499	90.486	0.0
1	21.579	0.141	0.499	90.486	0.0
1	21.671	0.141	0.499	90.486	0.0
1	21.755	0.141	0.499	90.486	0.0
1	21.855	0.141	0.499	90.486	0.0
1	21.931	0.141	0.499	90.486	0.0
1	22.031	0.141	0.499	88.086	0.0
1	22.107	0.141	0.499	84.862	0.0
1	22.199	0.141	0.499	78.929	0.0
1	22.299	0.141	0.499	74.888	0.0
1	22.384	0.141	0.499	73.188	0.0
1	22.484	0.141	0.499	68.770	0.0
1	22.548	0.141	0.499	66.926	0.0
1	22.648	0.141	0.499	66.926	0.0
1	22.748	0.141	0.499	69.319	0.0
1	22.848	0.141	0.499	74.115	0.0
1	22.928	0.141	0.499	79.504	0.0
1	23.012	0.141	0.499	86.209	0.0
1	23.088	0.141	0.499	92.305	0.0
1	23.188	0.141	0.499	100.305	0.0
1	23.288	0.141	0.499	108.305	0.0
1	23.359	0.141	0.499	114.036	0.0
1	23.448	0.141	0.499	121.101	0.0
1	23.527	0.141	0.499	127.473	0.0
1	23.627	0.141	0.499	135.473	0.0
1	23.727	0.141	0.499	135.473	0.0
1	23.827	0.141	0.499	133.073	0.0
1	23.883	0.141	0.499	130.984	0.0
1	23.967	0.141	0.499	126.141	0.0
1	24.067	0.141	0.499	118.141	0.0
1	24.167	0.141	0.499	110.141	0.0
1	24.267	0.141	0.499	102.141	0.0
1	24.343	0.141	0.499	96.078	0.0
1	24.443	0.141	0.499	88.078	0.0
1	24.543	0.141	0.499	82.478	0.0
1	24.627	0.167	0.504	79.465	0.0
1	24.727	0.199	0.510	78.285	0.0
1	24.795	0.220	0.515	78.285	0.0
1	24.895	0.251	0.521	78.285	0.0
1	24.995	0.283	0.528	78.285	0.0
1	25.095	0.314	0.534	78.285	0.0
1	25.175	0.339	0.539	78.285	0.0
1	25.275	0.371	0.544	80.685	0.0
1	25.375	0.402	0.547	85.485	0.0
1	25.447	0.425	0.547	90.179	0.0
1	25.547	0.457	0.542	98.179	0.0
1	25.631	0.483	0.535	104.920	0.0
1	25.699	0.504	0.528	110.356	0.0
1	25.799	0.532	0.513	118.356	0.0
1	25.899	0.558	0.495	123.956	0.0
1	25.983	0.580	0.479	126.970	0.0
1	26.083	0.605	0.459	128.150	0.0
1	26.151	0.622	0.445	128.150	0.0
1	26.243	0.622	0.445	128.150	0.0
1	26.315	0.622	0.445	128.150	0.0
1	26.415	0.622	0.445	128.150	0.0
1	26.515	0.622	0.445	125.750	0.0
1	26.542	0.622	0.445	124.903	0.0
1	26.623	0.622	0.445	120.903	0.0
1	26.723	0.622	0.445	113.515	0.0
1	26.815	0.622	0.445	106.161	0.0
1	26.915	0.622	0.445	98.161	0.0
1	27.015	0.622	0.445	92.561	0.0
1	27.103	0.622	0.445	89.491	0.0
1	27.203	0.622	0.445	88.404	0.0
1	27.303	0.622	0.445	88.404	0.0
1	27.403	0.654	0.446	88.404	0.0
1	27.503	0.686	0.447	88.404	0.0
1	27.603	0.718	0.448	88.404	0.0
1	27.703	0.750	0.449	88.404	0.0
1	27.758	0.768	0.449	88.404	0.0
1	27.858	0.800	0.450	88.404	0.0
1	27.958	0.800	0.450	88.404	0.0
1	28.050	0.800	0.450	88.404	0.0
1	28.142	0.829	0.451	88.404	0.0
1	28.234	0.859	0.452	88.404	0.0
1	28.334	0.891	0.453	88.404	0.0
1	28.394	0.910	0.453	88.404	0.0
1	28.494	0.910	0.453	86.004	0.0
1	28.558	0.910	0.453	83.509	0.0
1	28.658	0.910	0.453	77.184	0.0
1	28.754	0.910	0.453	69.484	0.0
1	28.814	0.910	0.453	64.698	0.0
1	28.914	0.910	0.453	56.698	0.0
1	29.014	0.910	0.453	48.698	0.0
1	29.114	0.910	0.453	40.698	0.0
1	29.214	0.910	0.453	32.698	0.0
1	29.314	0.910	0.453	24.698	0.0
1	29.414	0.910	0.453	16.698	0.0
1	29.514	0.910	0.453	8.698	0.0
1	29.614	0.910	0.453	0.698	0.0
1	29.714	0.910	0.453	352.698	0.0
1	29.814	0.910	0.453	344.698	0.0
1	29.914	0.910	0.453	336.698	0.0
1	30.014	0.910	0.453	328.698	0.0
1	30.114	0.910	0.453	320.698	0.0
1	30.214	0.910	0.453	312.698	0.0
1	30.286	0.910	0.453	306.893	0.0
1	30.386	0.910	0.453	298.893	0.0
1	30.470	0.910	0.453	292.190	0.0
1	30.551	0.910	0.453	285.759	0.0
1	30.651	0.910	0.453	277.759	0.0
1	30.723	0.910	0.453	271.991	0.0
1	30.823	0.910	0.453	263.991	0.0
1	30.923	0.910	0.453	255.991	0.0
1	30.991	0.910	0.453	250.558	0.0
1	31.091	0.910	0.453	242.558	0.0
1	31.158	0.891	0.442	238.239	0.0
1	31.258	0.865	0.423	234.265	0.0
1	31.358	0.840	0.404	232.691	0.0
1	31.458	0.814	0.385	232.691	0.0
1	31.546	0.792	0.367	232.691	0.0
1	31.646	0.767	0.348	232.691	0.0
1	31.735	0.744	0.331	232.691	0.0
1	31.835	0.718	0.313	235.091	0.0
1	31.935	0.690	0.297	239.882	0.0
1	32.007	0.669	0.287	244.610	0.0
1	32.107	0.639	0.277	252.610	0.0
1	32.183	0.615	0.272	258.678	0.0
1	32.267	0.588	0.270	265.387	0.0
1	32.367	0.556	0.271	270.987	0.0
1	32.467	0.524	0.273	274.186	0.0
1	32.567	0.524	0.273	274.988	0.0
1	32.606	0.524	0.273	274.988	0.0
1	32.706	0.524	0.273	274.988	0.0
1	32.774	0.524	0.273	274.988	0.0
1	32.874	0.492	0.276	274.988	0.0
1	32.946	0.469	0.278	274.988	0.0
1	33.038	0.440	0.280	274.988	0.0
1	33.122	0.413	0.283	274.988	0.0
1	33.222	0.382	0.286	274.988	0.0
1	33.285	0.361	0.287	274.988	0.0
1	33.385	0.329	0.290	274.988	0.0
1	33.472	0.302	0.292	274.988	0.0
1	33.572	0.270	0.295	274.988	0.0
1	33.672	0.238	0.298	274.988	0.0
1	33.756	0.211	0.300	274.988	0.0
1	33.836	0.186	0.303	274.988	0.0
1	33.936	0.154	0.305	274.988	0.0
1	34.036	0.122	0.308	274.988	0.0
1	34.108	0.099	0.310	274.988	0.0
1	34.208	0.067	0.313	274.988	0.0
1	34.308	0.035	0.316	274.988	0.0
1	34.408	0.003	0.319	274.988	0.0
1	34.508	-0.028	0.321	274.988	0.0
1	34.608	-0.028	0.321	274.988	0.0
1	34.708	-0.028	0.321	274.988	0.0
1	34.808	-0.060	0.324	274.988	0.0
1	34.908	-0.092	0.327	274.988	0.0
1	35.008	-0.124	0.330	274.988	0.0
1	35.108	-0.156	0.332	274.988	0.0
1	35.208	-0.188	0.335	274.988	0.0
1	35.308	-0.220	0.338	274.988	0.0
1	35.371	-0.240	0.340	274.988	0.0
1	35.403	-0.250	0.341	274.988	0.0
1	35.503	-0.282	0.343	274.988	0.0
1	35.603	-0.314	0.346	274.988	0.0
1	35.695	-0.343	0.349	274.988	0.0
1	35.764	-0.365	0.351	274.988	0.0
1	35.864	-0.397	0.353	274.988	0.0
1	35.956	-0.426	0.356	274.988	0.0
1	36.056	-0.458	0.359	274.988	0.0
1	36.156	-0.490	0.363	277.388	0.0
1	36.224	-0.490	0.363	280.129	0.0
1	36.324	-0.490	0.363	286.561	0.0
1	36.407	-0.490	0.363	293.278	0.0
1	36.503	-0.490	0.363	300.937	0.0
1	36.603	-0.490	0.363	308.937	0.0
1	36.703	-0.490	0.363	316.937	0.0
1	36.803	-0.490	0.363	324.937	0.0
1	36.903	-0.490	0.363	332.937	0.0
1	37.003	-0.490	0.363	340.937	0.0
1	37.103	-0.490	0.363	348.937	0.0
1	37.203	-0.490	0.363	356.937	0.0
1	37.303	-0.490	0.363	4.937	0.0
1	37.403	-0.490	0.363	12.937	0.0
1	37.503	-0.490	0.363	20.937	0.0
1	37.603	-0.490	0.363	28.937	0.0
1	37.699	-0.490	0.363	36.589	0.0
1	37.787	-0.490	0.363	43.642	0.0
1	37.887	-0.490	0.363	51.642	0.0
1	37.955	-0.490	0.363	55.966	0.0
1	38.055	-0.490	0.363	59.937	0.0
1	38.155	-0.490	0.363	61.508	0.0
1	38.223	-0.490	0.363	61.508	0.0
1	38.323	-0.490	0.363	61.508	0.0
1	38.423	-0.490	0.363	61.508	0.0
1	38.515	-0.490	0.363	61.508	0.0
1	38.615	-0.490	0.363	61.508	0.0
1	38.694	-0.490	0.363	61.508	0.0
1	38.794	-0.490	0.363	61.508	0.0
1	38.866	-0.470	0.374	61.508	0.0
1	38.950	-0.446	0.387	61.508	0.0
1	39.050	-0.418	0.402	61.508	0.0
1	39.150	-0.390	0.417	61.508	0.0
1	39.206	-0.374	0.426	61.508	0.0
1	39.306	-0.346	0.441	61.508	0.0
1	39.386	-0.323	0.453	61.508	0.0
1	39.486	-0.295	0.468	61.508	0.0
1	39.586	-0.267	0.484	61.508	0.0
1	39.653	-0.248	0.494	61.508	0.0
1	39.753	-0.220	0.509	61.508	0.0
1	39.853	-0.192	0.525	61.508	0.0
1	39.893	-0.181	0.531	61.508	0.0
1	39.993	-0.153	0.546	61.508	0.0
1	40.077	-0.153	0.546	61.508	0.0
1	40.177	-0.153	0.546	61.508	0.0
1	40.277	-0.153	0.546	61.508	0.0
1	40.361	-0.153	0.546	61.508	0.0
1	40.461	-0.153	0.546	61.508	0.0
1	40.541	-0.153	0.546	61.508	0.0
1	40.641	-0.153	0.546	61.508	0.0
1	40.741	-0.153	0.546	61.508	0.0
1	40.837	-0.153	0.546	61.508	0.0
1	40.901	-0.153	0.546	61.508	0.0
1	41.001	-0.153	0.546	61.508	0.0
1	41.101	-0.153	0.546	61.508	0.0
1	41.201	-0.153	0.546	61.508	0.0
1	41.288	-0.153	0.546	61.508	0.0
1	41.388	-0.153	0.546	61.508	0.0
1	41.464	-0.153	0.546	61.508	0.0
1	41.563	-0.153	0.546	61.508	0.0
1	41.653	-0.153	0.546	61.508	0.0
1	41.753	-0.153	0.546	61.508	0.0
1	41.830	-0.153	0.546	61.508	0.0
1	41.930	-0.153	0.546	61.508	0.0
1	42.030	-0.153	0.546	61.508	0.0
1	42.130	-0.153	0.546	61.508	0.0
1	42.230	-0.153	0.546	61.508	0.0
1	42.330	-0.153	0.546	61.508	0.0
1	42.406	-0.153	0.546	61.508	0.0
1	42.506	-0.153	0.546	61.508	0.0
1	42.606	-0.153	0.546	61.508	0.0
1	42.702	-0.153	0.546	61.508	0.0
1	42.802	-0.153	0.546	61.508	0.0
1	42.902	-0.153	0.546	61.508	0.0
1	42.962	-0.153	0.546	61.508	0.0
1	43.062	-0.153	0.546	61.508	0.0
1	43.162	-0.153	0.546	61.508	0.0
1	43.246	-0.153	0.546	61.508	0.0
1	43.346	-0.153	0.546	61.508	0.0
1	43.446	-0.153	0.546	61.508	0.0
1	43.522	-0.153	0.546	61.508	0.0
1	43.622	-0.153	0.546	61.508	0.0
1	43.702	-0.153	0.546	61.508	0.0
1	43.802	-0.153	0.546	61.508	0.0
1	43.902	-0.153	0.546	61.508	0.0
1	43.998	-0.153	0.546	61.508	0.0
1	44.098	-0.153	0.546	61.508	0.0
1	44.186	-0.153	0.546	61.508	0.0
1	44.258	-0.153	0.546	61.508	0.0
1	44.358	-0.153	0.546	61.508	0.0
1	44.430	-0.153	0.546	61.508	0.0
1	44.530	-0.153	0.546	61.508	0.0
1	44.630	-0.153	0.546	61.508	0.0
1	44.730	-0.153	0.546	61.508	0.0
1	44.830	-0.153	0.546	61.508	0.0
1	44.930	-0.153	0.546	61.508	0.0
1	44.994	-0.153	0.546	61.508	0.0
1	45.090	-0.153	0.546	61.508	0.0
1	45.190	-0.153	0.546	61.508	0.0
1	45.266	-0.153	0.546	61.508	0.0
1	45.366	-0.153	0.546	61.508	0.0
1	45.466	-0.153	0.546	61.508	0.0
1	45.566	-0.153	0.546	61.508	0.0
1	45.661	-0.153	0.546	61.508	0.0
1	45.754	-0.153	0.546	61.508	0.0
1	45.838	-0.153	0.546	61.508	0.0
1	45.938	-0.153	0.546	61.508	0.0
1	46.033	-0.153	0.546	61.508	0.0
1	46.105	-0.153	0.546	61.508	0.0
1	46.205	-0.153	0.546	61.508	0.0
1	46.297	-0.153	0.546	61.508	0.0
1	46.393	-0.153	0.546	61.508	0.0
1	46.493	-0.153	0.546	61.508	0.0
1	46.525	-0.153	0.546	61.508	0.0
1	46.625	-0.153	0.546	61.508	0.0
1	46.725	-0.153	0.546	61.508	0.0
1	46.753	-0.153	0.546	61.508	0.0
1	46.825	-0.153	0.546	61.508	0.0
1	46.925	-0.153	0.546	61.508	0.0
1	46.957	-0.153	0.546	61.508	0.0
1	46.985	-0.153	0.546	61.508	0.0
1	47.085	-0.153	0.546	61.508	0.0
1	47.185	-0.153	0.546	61.508	0.0
1	47.285	-0.153	0.546	61.508	0.0
1	47.373	-0.153	0.546	61.508	0.0
1	47.465	-0.153	0.546	61.508	0.0
1	47.545	-0.153	0.546	61.508	0.0
1	47.637	-0.153	0.546	61.508	0.0
1	47.737	-0.153	0.546	61.508	0.0
1	47.813	-0.153	0.546	61.508	0.0
1	47.913	-0.153	0.546	61.508	0.0
1	47.993	-0.153	0.546	61.508	0.0
1	48.093	-0.153	0.546	61.508	0.0
1	48.176	-0.153	0.546	61.508	0.0
1	48.276	-0.153	0.546	61.508	0.0
1	48.345	-0.153	0.546	61.508	0.0
1	48.445	-0.153	0.546	61.508	0.0
1	48.545	-0.153	0.546	61.508	0.0
1	48.645	-0.153	0.546	61.508	0.0
1	48.745	-0.153	0.546	61.508	0.0
1	48.820	-0.153	0.546	61.508	0.0
1	48.920	-0.153	0.546	61.508	0.0
1	49.000	-0.153	0.546	61.508	0.0
1	49.100	-0.153	0.546	61.508	0.0
1	49.192	-0.153	0.546	61.508	0.0
1	49.292	-0.153	0.546	61.508	0.0
1	49.392	-0.153	0.546	61.508	0.0
1	49.492	-0.153	0.546	61.508	0.0
1	49.592	-0.153	0.546	61.508	0.0
1	49.692	-0.153	0.546	61.508	0.0
1	49.764	-0.153	0.546	61.508	0.0
1	49.864	-0.153	0.546	61.508	0.0
1	49.964	-0.153	0.546	61.508	0.0
1	50.055	-0.153	0.546	61.508	0.0
1	50.139	-0.153	0.546	61.508	0.0
1	50.228	-0.153	0.546	61.508	0.0
1	50.328	-0.153	0.546	61.508	0.0
1	50.411	-0.153	0.546	61.508	0.0
1	50.511	-0.153	0.546	61.508	0.0
1	50.611	-0.153	0.546	61.508	0.0
1	50.711	-0.153	0.546	61.508	0.0
1	50.791	-0.153	0.546	61.508	0.0
1	50.891	-0.153	0.546	61.508	0.0
1	50.967	-0.153	0.546	61.508	0.0
1	51.067	-0.153	0.546	61.508	0.0
1	51.151	-0.153	0.546	61.508	0.0
1	51.251	-0.153	0.546	61.508	0.0
1	51.331	-0.153	0.546	61.508	0.0
1	51.431	-0.153	0.546	61.508	0.0
1	51.531	-0.153	0.546	61.508	0.0
1	51.600	-0.153	0.546	61.508	0.0
1	51.700	-0.153	0.546	61.508	0.0
1	51.784	-0.153	0.546	61.508	0.0
1	51.884	-0.153	0.546	61.508	0.0
1	51.948	-0.153	0.546	61.508	0.0
1	52.048	-0.153	0.546	61.508	0.0
1	52.148	-0.153	0.546	61.508	0.0
1	52.248	-0.153	0.546	61.508	0.0
1	52.348	-0.153	0.546	61.508	0.0
1	52.448	-0.153	0.546	61.508	0.0
1	52.548	-0.153	0.546	61.508	0.0
1	52.627	-0.153	0.546	61.508	0.0
1	52.727	-0.153	0.546	61.508	0.0
1	52.803	-0.153	0.546	61.508	0.0
1	52.887	-0.153	0.546	61.508	0.0
1	52.987	-0.153	0.546	61.508	0.0
1	53.087	-0.153	0.546	61.508	0.0
1	53.187	-0.153	0.546	61.508	0.0
1	53.280	-0.153	0.546	61.508	0.0
1	53.372	-0.153	0.546	61.508	0.0
1	53.472	-0.153	0.546	61.508	0.0
1	53.543	-0.153	0.546	61.508	0.0
1	53.643	-0.153	0.546	61.508	0.0
1	53.704	-0.153	0.546	61.508	0.0
1	53.804	-0.153	0.546	61.508	0.0
1	53.904	-0.153	0.546	61.508	0.0
1	53.968	-0.153	0.546	61.508	0.0
1	54.039	-0.153	0.546	61.508	0.0
1	54.139	-0.153	0.546	61.508	0.0
1	54.239	-0.153	0.546	61.508	0.0
1	54.311	-0.153	0.546	61.508	0.0
1	54.411	-0.153	0.546	61.508	0.0
1	54.511	-0.153	0.546	61.508	0.0
1	54.611	-0.153	0.546	61.508	0.0
1	54.691	-0.153	0.546	61.508	0.0
1	54.791	-0.153	0.546	61.508	0.0
1	54.864	-0.153	0.546	61.508	0.0
1	54.964	-0.153	0.546	61.508	0.0
1	55.064	-0.153	0.546	61.508	0.0
1	55.164	-0.153	0.546	61.508	0.0
1	55.264	-0.153	0.546	61.508	0.0
1	55.364	-0.153	0.546	61.508	0.0
1	55.420	-0.153	0.546	61.508	0.0
1	55.520	-0.153	0.546	61.508	0.0
1	55.598	-0.153	0.546	61.508	0.0
1	55.698	-0.153	0.546	61.508	0.0
1	55.771	-0.153	0.546	61.508	0.0
1	55.871	-0.153	0.546	61.508	0.0
1	55.966	-0.153	0.546	61.508	0.0
1	56.066	-0.153	0.546	61.508	0.0
1	56.162	-0.153	0.546	61.508	0.0
1	56.238	-0.153	0.546	61.508	0.0
1	56.338	-0.153	0.546	61.508	0.0
1	56.419	-0.153	0.546	61.508	0.0
1	56.519	-0.153	0.546	61.508	0.0
1	56.619	-0.153	0.546	61.508	0.0
1	56.719	-0.153	0.546	61.508	0.0
1	56.819	-0.153	0.546	61.508	0.0
1	56.919	-0.153	0.546	61.508	0.0
1	57.015	-0.153	0.546	61.508	0.0
1	57.113	-0.153	0.546	61.508	0.0
1	57.213	-0.153	0.546	61.508	0.0
1	57.313	-0.153	0.546	61.508	0.0
1	57.413	-0.153	0.546	61.508	0.0
1	57.513	-0.153	0.546	61.508	0.0
1	57.597	-0.153	0.546	61.508	0.0
1	57.689	-0.153	0.546	61.508	0.0
1	57.765	-0.153	0.546	61.508	0.0
1	57.865	-0.153	0.546	61.508	0.0
1	57.957	-0.153	0.546	61.508	0.0
1	58.057	-0.153	0.546	61.508	0.0
1	58.088	-0.153	0.546	61.508	0.0
1	58.188	-0.153	0.546	61.508	0.0
1	58.264	-0.153	0.546	61.508	0.0
1	58.364	-0.153	0.546	61.508	0.0
1	58.420	-0.153	0.546	61.508	0.0
1	58.520	-0.153	0.546	61.508	0.0
1	58.596	-0.153	0.546	61.508	0.0
1	58.696	-0.153	0.546	61.508	0.0
1	58.763	-0.153	0.546	61.508	0.0
1	58.863	-0.153	0.546	61.508	0.0
1	58.963	-0.153	0.546	61.508	0.0
1	59.047	-0.153	0.546	61.508	0.0
1	59.139	-0.153	0.546	61.508	0.0
1	59.239	-0.153	0.546	61.508	0.0
1	59.319	-0.153	0.546	61.508	0.0
1	59.400	-0.153	0.546	61.508	0.0
1	59.487	-0.153	0.546	61.508	0.0
1	59.587	-0.153	0.546	61.508	0.0
1	59.676	-0.153	0.546	61.508	0.0
1	59.776	-0.153	0.546	61.508	0.0
1	59.856	-0.153	0.546	61.508	0.0
1	59.952	-0.153	0.546	61.508	0.0
1	60.052	-0.153	0.546	61.508	0.0
1	60.120	-0.153	0.546	61.508	0.0
1	60.220	-0.153	0.546	61.508	0.0
1	60.320	-0.153	0.546	61.508	0.0
1	60.403	-0.153	0.546	61.508	0.0
1	60.496	-0.153	0.546	61.508	0.0
1	60.559	-0.153	0.546	61.508	0.0
1	60.659	-0.153	0.546	61.508	0.0
1	60.759	-0.153	0.546	61.508	0.0
1	60.859	-0.153	0.546	61.508	0.0
1	60.959	-0.153	0.546	61.508	0.0
1	61.043	-0.153	0.546	61.508	0.0
1	61.136	-0.153	0.546	61.508	0.0
1	61.236	-0.153	0.546	61.508	0.0
1	61.336	-0.153	0.546	61.508	0.0
1	61.428	-0.153	0.546	61.508	0.0
1	61.528	-0.153	0.546	61.508	0.0
1	61.619	-0.153	0.546	61.508	0.0
1	61.719	-0.153	0.546	61.508	0.0
1	61.819	-0.153	0.546	61.508	0.0
1	61.899	-0.153	0.546	61.508	0.0
1	61.999	-0.153	0.546	61.508	0.0
1	62.099	-0.153	0.546	61.508	0.0
1	62.199	-0.153	0.546	61.508	0.0
1	62.236	-0.153	0.546	61.508	0.0
1	62.336	-0.153	0.546	61.508	0.0
1	62.375	-0.153	0.546	61.508	0.0
1	62.475	-0.153	0.546	61.508	0.0
1	62.571	-0.153	0.546	61.508	0.0
1	62.671	-0.153	0.546	61.508	0.0
1	62.771	-0.153	0.546	61.508	0.0
1	62.820	-0.153	0.546	61.508	0.0
1	62.851	-0.153	0.546	61.508	0.0
1	62.951	-0.153	0.546	61.508	0.0
1	63.051	-0.153	0.546	61.508	0.0
1	63.151	-0.153	0.546	61.508	0.0
1	63.187	-0.153	0.546	61.508	0.0
1	63.287	-0.153	0.546	61.508	0.0
1	63.387	-0.153	0.546	61.508	0.0
1	63.431	-0.153	0.546	61.508	0.0
1	63.531	-0.153	0.546	61.508	0.0
1	63.611	-0.153	0.546	61.508	0.0
1	63.647	-0.153	0.546	61.508	0.0
1	63.747	-0.153	0.546	61.508	0.0
1	63.811	-0.153	0.546	61.508	0.0
1	63.911	-0.153	0.546	61.508	0.0
1	64.011	-0.153	0.546	61.508	0.0
1	64.111	-0.153	0.546	61.508	0.0
1	64.163	-0.153	0.546	61.508	0.0
1	64.263	-0.153	0.546	61.508	0.0
1	64.319	-0.153	0.546	61.508	0.0
1	64.351	-0.153	0.546	61.508	0.0
1	64.451	-0.153	0.546	61.508	0.0
1	64.551	-0.153	0.546	61.508	0.0
1	64.651	-0.153	0.546	61.508	0.0
1	64.686	-0.153	0.546	61.508	0.0
1	64.786	-0.153	0.546	61.508	0.0
1	64.886	-0.153	0.546	61.508	0.0
1	64.986	-0.153	0.546	61.508	0.0
1	65.022	-0.153	0.546	61.508	0.0
1	65.122	-0.153	0.546	61.508	0.0
1	65.174	-0.153	0.546	61.508	0.0
1	65.214	-0.153	0.546	61.508	0.0
1	65.314	-0.153	0.546	61.508	0.0
1	65.414	-0.153	0.546	61.508	0.0
1	65.470	-0.153	0.546	61.508	0.0
1	65.570	-0.153	0.546	61.508	0.0
1	65.670	-0.153	0.546	61.508	0.0
1	65.714	-0.153	0.546	61.508	0.0
1	65.746	-0.153	0.546	61.508	0.0
1	65.846	-0.153	0.546	61.508	0.0
1	65.946	-0.153	0.546	61.508	0.0
1	65.974	-0.153	0.546	61.508	0.0
1	66.074	-0.153	0.546	61.508	0.0
1	66.174	-0.153	0.546	61.508	0.0
1	66.274	-0.153	0.546	61.508	0.0
1	66.374	-0.153	0.546	61.508	0.0
1	66.474	-0.153	0.546	61.508	0.0
1	66.574	-0.153	0.546	61.508	0.0
1	66.674	-0.153	0.546	61.508	0.0
1	66.774	-0.153	0.546	61.508	0.0
1	66.874	-0.153	0.546	61.508	0.0
1	66.974	-0.153	0.546	61.508	0.0
1	67.074	-0.153	0.546	61.508	0.0
1	67.174	-0.153	0.546	61.508	0.0
1	67.274	-0.153	0.546	61.508	0.0
1	67.374	-0.153	0.546	61.508	0.0
1	67.474	-0.153	0.546	61.508	0.0
1	67.574	-0.153	0.546	61.508	0.0
1	67.610	-0.153	0.546	61.508	0.0
1	67.710	-0.153	0.546	61.508	0.0
1	67.741	-0.153	0.546	61.508	0.0
1	67.777	-0.153	0.546	61.508	0.0
1	67.877	-0.153	0.546	61.508	0.0
1	67.977	-0.153	0.546	61.508	0.0
1	68.065	-0.153	0.546	61.508	0.0
1	68.105	-0.153	0.546	61.508	0.0
1	68.205	-0.153	0.546	61.508	0.0
1	68.241	-0.153	0.546	61.508	0.0
1	68.341	-0.153	0.546	61.508	0.0
1	68.441	-0.153	0.546	61.508	0.0
1	68.541	-0.153	0.546	61.508	0.0
1	68.641	-0.153	0.546	61.508	0.0
1	68.676	-0.153	0.546	61.508	0.0
1	68.776	-0.153	0.546	61.508	0.0
1	68.876	-0.153	0.546	61.508	0.0
1	68.976	-0.153	0.546	61.508	0.0
1	69.076	-0.153	0.546	61.508	0.0
1	69.112	-0.153	0.546	61.508	0.0
1	69.212	-0.153	0.546	61.508	0.0
1	69.244	-0.153	0.546	61.508	0.0
1	69.344	-0.153	0.546	61.508	0.0
1	69.444	-0.153	0.546	61.508	0.0
1	69.476	-0.153	0.546	61.508	0.0
1	69.576	-0.153	0.546	61.508	0.0
1	69.612	-0.153	0.546	61.508	0.0
1	69.712	-0.153	0.546	61.508	0.0
1	69.748	-0.153	0.546	61.508	0.0
1	69.848	-0.153	0.546	61.508	0.0
1	69.948	-0.153	0.546	61.508	0.0
1	70.048	-0.153	0.546	61.508	0.0
1	70.148	-0.153	0.546	61.508	0.0
1	70.248	-0.153	0.546	61.508	0.0
1	70.308	-0.153	0.546	61.508	0.0
1	70.408	-0.153	0.546	61.508	0.0
1	70.508	-0.153	0.546	61.508	0.0
1	70.583	-0.153	0.546	61.508	0.0
1	70.683	-0.153	0.546	61.508	0.0
1	70.783	-0.153	0.546	61.508	0.0
1	70.831	-0.153	0.546	61.508	0.0
1	70.931	-0.153	0.546	61.508	0.0
1	71.027	-0.153	0.546	61.508	0.0
1	71.127	-0.153	0.546	61.508	0.0
1	71.227	-0.153	0.546	61.508	0.0
1	71.327	-0.153	0.546	61.508	0.0
1	71.403	-0.153	0.546	61.508	0.0
1	71.503	-0.153	0.546	61.508	0.0
1	71.587	-0.153	0.546	61.508	0.0
1	71.687	-0.153	0.546	61.508	0.0
1	71.762	-0.153	0.546	61.508	0.0
1	71.862	-0.153	0.546	61.508	0.0
1	71.962	-0.153	0.546	61.508	0.0
1	72.038	-0.153	0.546	61.508	0.0
1	72.118	-0.153	0.546	61.508	0.0
1	72.218	-0.153	0.546	61.508	0.0
1	72.278	-0.153	0.546	61.508	0.0
1	72.378	-0.153	0.546	61.508	0.0
1	72.418	-0.153	0.546	61.508	0.0
1	72.518	-0.153	0.546	61.508	0.0
1	72.609	-0.153	0.546	61.508	0.0
1	72.709	-0.153	0.546	61.508	0.0
1	72.809	-0.153	0.546	61.508	0.0
1	72.909	-0.153	0.546	61.508	0.0
1	73.009	-0.153	0.546	61.508	0.0
1	73.090	-0.153	0.546	61.508	0.0
1	73.190	-0.153	0.546	61.508	0.0
1	73.290	-0.153	0.546	61.508	0.0
1	73.346	-0.153	0.546	61.508	0.0
1	73.446	-0.153	0.546	61.508	0.0
1	73.530	-0.153	0.546	61.508	0.0
1	73.630	-0.153	0.546	61.508	0.0
1	73.723	-0.153	0.546	61.508	0.0
1	73.823	-0.153	0.546	61.508	0.0
1	73.923	-0.153	0.546	61.508	0.0
1	74.023	-0.153	0.546	61.508	0.0
1	74.110	-0.153	0.546	61.508	0.0
1	74.182	-0.153	0.546	61.508	0.0
1	74.278	-0.153	0.546	61.508	0.0
1	74.378	-0.153	0.546	61.508	0.0
1	74.478	-0.153	0.546	61.508	0.0
1	74.578	-0.153	0.546	61.508	0.0
1	74.678	-0.153	0.546	61.508	0.0
1	74.778	-0.153	0.546	61.508	0.0
1	74.878	-0.153	0.546	61.508	0.0
1	74.975	-0.153	0.546	61.508	0.0
1	75.075	-0.153	0.546	61.508	0.0
1	75.175	-0.153	0.546	61.508	0.0
1	75.275	-0.153	0.546	61.508	0.0
1	75.375	-0.153	0.546	61.508	0.0
1	75.475	-0.153	0.546	61.508	0.0
1	75.575	-0.153	0.546	61.508	0.0
1	75.667	-0.153	0.546	61.508	0.0
1	75.767	-0.153	0.546	61.508	0.0
1	75.823	-0.153	0.546	61.508	0.0
1	75.854	-0.153	0.546	61.508	0.0
1	75.954	-0.153	0.546	61.508	0.0
1	75.998	-0.153	0.546	61.508	0.0
1	76.098	-0.153	0.546	61.508	0.0
1	76.198	-0.153	0.546	61.508	0.0
1	76.234	-0.153	0.546	61.508	0.0
1	76.270	-0.153	0.546	61.508	0.0
1	76.370	-0.153	0.546	61.508	0.0
1	76.470	-0.153	0.546	61.508	0.0
1	76.538	-0.153	0.546	61.508	0.0
1	76.638	-0.153	0.546	61.508	0.0
1	76.686	-0.153	0.546	61.508	0.0
1	76.722	-0.153	0.546	61.508	0.0
1	76.822	-0.153	0.546	61.508	0.0
1	76.922	-0.153	0.546	61.508	0.0
1	76.954	-0.153	0.546	61.508	0.0
1	77.054	-0.153	0.546	61.508	0.0
1	77.154	-0.153	0.546	61.508	0.0
1	77.210	-0.153	0.546	61.508	0.0
1	77.310	-0.153	0.546	61.508	0.0
1	77.410	-0.153	0.546	61.508	0.0
1	77.450	-0.153	0.546	61.508	0.0
1	77.550	-0.153	0.546	61.508	0.0
1	77.586	-0.153	0.546	61.508	0.0
1	77.686	-0.153	0.546	61.508	0.0
1	77.786	-0.153	0.546	61.508	0.0
1	77.834	-0.153	0.546	61.508	0.0
1	77.934	-0.153	0.546	61.508	0.0
1	78.034	-0.153	0.546	61.508	0.0
1	78.134	-0.153	0.546	61.508	0.0
1	78.234	-0.153	0.546	61.508	0.0
1	78.286	-0.153	0.546	61.508	0.0
1	78.322	-0.153	0.546	61.508	0.0
1	78.422	-0.153	0.546	61.508	0.0
1	78.474	-0.153	0.546	61.508	0.0
1	78.510	-0.153	0.546	61.508	0.0
1	78.610	-0.153	0.546	61.508	0.0
1	78.654	-0.153	0.546	61.508	0.0
1	78.754	-0.153	0.546	61.508	0.0
1	78.854	-0.153	0.546	61.508	0.0
1	78.954	-0.153	0.546	61.508	0.0
1	79.054	-0.153	0.546	61.508	0.0
1	79.154	-0.153	0.546	61.508	0.0
1	79.254	-0.153	0.546	61.508	0.0
1	79.354	-0.153	0.546	61.508	0.0
1	79.442	-0.153	0.546	61.508	0.0
1	79.542	-0.153	0.546	61.508	0.0
1	79.622	-0.153	0.546	61.508	0.0
1	79.722	-0.153	0.546	61.508	0.0
1	79.758	-0.153	0.546	61.508	0.0
1	79.858	-0.153	0.546	61.508	0.0
1	79.958	-0.153	0.546	61.508	0.0
1	80.058	-0.153	0.546	61.508	0.0
1	80.154	-0.153	0.546	61.508	0.0
1	80.189	-0.153	0.546	61.508	0.0
1	80.222	-0.153	0.546	61.508	0.0
1	80.322	-0.153	0.546	61.508	0.0
1	80.422	-0.153	0.546	61.508	0.0
1	80.522	-0.153	0.546	61.508	0.0
1	80.553	-0.153	0.546	61.508	0.0
1	80.581	-0.153	0.546	61.508	0.0
1	80.613	-0.153	0.546	61.508	0.0
1	80.713	-0.153	0.546	61.508	0.0
1	80.813	-0.153	0.546	61.508	0.0
1	80.913	-0.153	0.546	61.508	0.0
1	81.013	-0.153	0.546	61.508	0.0
1	81.113	-0.153	0.546	61.508	0.0
1	81.192	-0.153	0.546	61.508	0.0
1	81.292	-0.153	0.546	61.508	0.0
1	81.392	-0.153	0.546	61.508	0.0
1	81.428	-0.153	0.546	61.508	0.0
1	81.528	-0.153	0.546	61.508	0.0
1	81.628	-0.153	0.546	61.508	0.0
1	81.728	-0.153	0.546	61.508	0.0
1	81.828	-0.153	0.546	61.508	0.0
1	81.928	-0.153	0.546	61.508	0.0
1	82.028	-0.153	0.546	61.508	0.0
1	82.128	-0.153	0.546	61.508	0.0
1	82.228	-0.153	0.546	61.508	0.0
1	82.328	-0.153	0.546	61.508	0.0
1	82.376	-0.153	0.546	61.508	0.0
1	82.476	-0.153	0.546	61.508	0.0
1	82.540	-0.153	0.546	61.508	0.0
1	82.580	-0.153	0.546	61.508	0.0
1	82.680	-0.153	0.546	61.508	0.0
1	82.780	-0.153	0.546	61.508	0.0
1	82.880	-0.153	0.546	61.508	0.0
1	82.980	-0.153	0.546	61.508	0.0
1	83.075	-0.153	0.546	61.508	0.0
1	83.163	-0.153	0.546	61.508	0.0
1	83.263	-0.153	0.546	61.508	0.0
1	83.363	-0.153	0.546	61.508	0.0
1	83.463	-0.153	0.546	61.508	0.0
1	83.563	-0.153	0.546	61.508	0.0
1	83.647	-0.153	0.546	61.508	0.0
1	83.719	-0.153	0.546	61.508	0.0
1	83.819	-0.153	0.546	61.508	0.0
1	83.919	-0.153	0.546	61.508	0.0
1	83.999	-0.153	0.546	61.508	0.0
1	84.091	-0.153	0.546	61.508	0.0
1	84.191	-0.153	0.546	61.508	0.0
1	84.291	-0.153	0.546	61.508	0.0
1	84.391	-0.153	0.546	61.508	0.0
1	84.491	-0.153	0.546	61.508	0.0
1	84.591	-0.153	0.546	61.508	0.0
1	84.691	-0.153	0.546	61.508	0.0
1	84.791	-0.153	0.546	61.508	0.0
1	84.891	-0.153	0.546	61.508	0.0
1	84.955	-0.153	0.546	61.508	0.0
1	85.055	-0.153	0.546	61.508	0.0
1	85.155	-0.153	0.546	61.508	0.0
1	85.251	-0.153	0.546	61.508	0.0
1	85.351	-0.153	0.546	61.508	0.0
1	85.451	-0.153	0.546	61.508	0.0
1	85.551	-0.153	0.546	61.508	0.0
1	85.651	-0.153	0.546	61.508	0.0
1	85.751	-0.153	0.546	61.508	0.0
1	85.851	-0.153	0.546	61.508	0.0
1	85.951	-0.153	0.546	61.508	0.0
1	86.051	-0.153	0.546	61.508	0.0
1	86.143	-0.153	0.546	61.508	0.0
1	86.243	-0.153	0.546	61.508	0.0
1	86.343	-0.153	0.546	61.508	0.0
1	86.443	-0.153	0.546	61.508	0.0
1	86.519	-0.153	0.546	61.508	0.0
1	86.619	-0.153	0.546	61.508	0.0
1	86.696	-0.153	0.546	61.508	0.0
1	86.796	-0.153	0.546	61.508	0.0
1	86.896	-0.153	0.546	61.508	0.0
1	86.996	-0.153	0.546	61.508	0.0
1	87.096	-0.153	0.546	61.508	0.0
1	87.185	-0.153	0.546	61.508	0.0
1	87.285	-0.153	0.546	61.508	0.0
1	87.385	-0.153	0.546	61.508	0.0
1	87.485	-0.153	0.546	61.508	0.0
1	87.585	-0.153	0.546	61.508	0.0
1	87.685	-0.153	0.546	61.508	0.0
1	87.785	-0.153	0.546	61.508	0.0
1	87.884	-0.153	0.546	61.508	0.0
1	87.984	-0.153	0.546	61.508	0.0
1	88.084	-0.153	0.546	61.508	0.0
1	88.176	-0.153	0.546	61.508	0.0
1	88.276	-0.153	0.546	61.508	0.0
1	88.361	-0.153	0.546	61.508	0.0
1	88.440	-0.153	0.546	61.508	0.0
1	88.520	-0.153	0.546	61.508	0.0
1	88.600	-0.153	0.546	61.508	0.0
1	88.700	-0.153	0.546	61.508	0.0
1	88.741	-0.153	0.546	61.508	0.0
1	88.841	-0.153	0.546	61.508	0.0
1	88.916	-0.153	0.546	61.508	0.0
1	89.005	-0.153	0.546	61.508	0.0
1	89.105	-0.153	0.546	61.508	0.0
1	89.169	-0.153	0.546	61.508	0.0
1	89.269	-0.153	0.546	61.508	0.0
1	89.369	-0.153	0.546	61.508	0.0
1	89.469	-0.153	0.546	61.508	0.0
1	89.569	-0.153	0.546	61.508	0.0
1	89.669	-0.153	0.546	61.508	0.0
1	89.769	-0.153	0.546	61.508	0.0
1	89.845	-0.153	0.546	61.508	0.0
1	89.945	-0.153	0.546	61.508	0.0
1	90.045	-0.153	0.546	61.508	0.0
1	90.145	-0.153	0.546	61.508	0.0
1	90.245	-0.153	0.546	61.508	0.0
1	90.345	-0.153	0.546	61.508	0.0
1	90.445	-0.153	0.546	61.508	0.0
1	90.545	-0.153	0.546	61.508	0.0
1	90.640	-0.153	0.546	61.508	0.0
1	90.740	-0.153	0.546	61.508	0.0
1	90.840	-0.153	0.546	61.508	0.0
1	90.933	-0.153	0.546	61.508	0.0
1	91.033	-0.153	0.546	61.508	0.0
1	91.129	-0.153	0.546	61.508	0.0
1	91.229	-0.153	0.546	61.508	0.0
1	91.329	-0.153	0.546	61.508	0.0
1	91.429	-0.153	0.546	61.508	0.0
1	91.529	-0.153	0.546	61.508	0.0
1	91.629	-0.153	0.546	61.508	0.0
1	91.729	-0.153	0.546	61.508	0.0
1	91.829	-0.153	0.546	61.508	0.0
1	91.929	-0.153	0.546	61.508	0.0
1	92.017	-0.153	0.546	61.508	0.0
1	92.117	-0.153	0.546	61.508	0.0
1	92.217	-0.153	0.546	61.508	0.0
1	92.317	-0.153	0.546	61.508	0.0
1	92.417	-0.153	0.546	61.508	0.0
1	92.445	-0.153	0.546	61.508	0.0
1	92.545	-0.153	0.546	61.508	0.0
1	92.636	-0.153	0.546	61.508	0.0
1	92.736	-0.153	0.546	61.508	0.0
1	92.800	-0.153	0.546	61.508	0.0
1	92.900	-0.153	0.546	61.508	0.0
1	92.976	-0.153	0.546	61.508	0.0
1	93.056	-0.153	0.546	61.508	0.0
1	93.156	-0.153	0.546	61.508	0.0
1	93.220	-0.153	0.546	61.508	0.0
1	93.320	-0.153	0.546	61.508	0.0
1	93.420	-0.153	0.546	61.508	0.0
1	93.492	-0.153	0.546	61.508	0.0
1	93.584	-0.153	0.546	61.508	0.0
1	93.684	-0.153	0.546	61.508	0.0
1	93.784	-0.153	0.546	61.508	0.0
1	93.884	-0.153	0.546	61.508	0.0
1	93.984	-0.153	0.546	61.508	0.0
1	94.076	-0.153	0.546	61.508	0.0
1	94.176	-0.153	0.546	61.508	0.0
1	94.276	-0.153	0.546	61.508	0.0
1	94.376	-0.153	0.546	61.508	0.0
1	94.476	-0.153	0.546	61.508	0.0
1	94.576	-0.153	0.546	61.508	0.0
1	94.676	-0.153	0.546	61.508	0.0
1	94.776	-0.153	0.546	61.508	0.0
1	94.876	-0.153	0.546	61.508	0.0
1	94.976	-0.153	0.546	61.508	0.0
1	95.076	-0.153	0.546	61.508	0.0
1	95.176	-0.153	0.546	61.508	0.0
1	95.276	-0.153	0.546	61.508	0.0
1	95.376	-0.153	0.546	61.508	0.0
1	95.476	-0.153	0.546	61.508	0.0
1	95.556	-0.153	0.546	61.508	0.0
1	95.656	-0.153	0.546	61.508	0.0
1	95.752	-0.153	0.546	61.508	0.0
1	95.841	-0.153	0.546	61.508	0.0
1	95.941	-0.153	0.546	61.508	0.0
1	96.041	-0.153	0.546	61.508	0.0
1	96.141	-0.153	0.546	61.508	0.0
1	96.241	-0.153	0.546	61.508	0.0
1	96.322	-0.153	0.546	61.508	0.0
1	96.406	-0.153	0.546	61.508	0.0
1	96.502	-0.153	0.546	61.508	0.0
1	96.602	-0.153	0.546	61.508	0.0
1	96.702	-0.153	0.546	61.508	0.0
1	96.793	-0.153	0.546	61.508	0.0
1	96.893	-0.153	0.546	61.508	0.0
1	96.981	-0.153	0.546	61.508	0.0
1	97.081	-0.153	0.546	61.508	0.0
1	97.133	-0.153	0.546	61.508	0.0
1	97.233	-0.153	0.546	61.508	0.0
1	97.333	-0.153	0.546	61.508	0.0
1	97.409	-0.153	0.546	61.508	0.0
1	97.509	-0.153	0.546	61.508	0.0
1	97.581	-0.153	0.546	61.508	0.0
1	97.681	-0.153	0.546	61.508	0.0
1	97.781	-0.153	0.546	61.508	0.0
1	97.881	-0.153	0.546	61.508	0.0
1	97.957	-0.153	0.546	61.508	0.0
1	98.041	-0.153	0.546	61.508	0.0
1	98.141	-0.153	0.546	61.508	0.0
1	98.216	-0.153	0.546	61.508	0.0
1	98.316	-0.153	0.546	61.508	0.0
1	98.416	-0.153	0.546	61.508	0.0
1	98.488	-0.153	0.546	61.508	0.0
1	98.588	-0.153	0.546	61.508	0.0
1	98.685	-0.153	0.546	61.508	0.0
1	98.772	-0.153	0.546	61.508	0.0
1	98.845	-0.153	0.546	61.508	0.0
1	98.945	-0.153	0.546	61.508	0.0
1	99.045	-0.153	0.546	61.508	0.0
1	99.108	-0.153	0.546	61.508	0.0
1	99.192	-0.153	0.546	61.508	0.0
1	99.292	-0.153	0.546	61.508	0.0
1	99.356	-0.153	0.546	61.508	0.0
1	99.456	-0.153	0.546	61.508	0.0
1	99.523	-0.153	0.546	61.508	0.0
1	99.623	-0.153	0.546	61.508	0.0
1	99.695	-0.153	0.546	61.508	0.0
1	99.795	-0.153	0.546	61.508	0.0
1	99.895	-0.153	0.546	61.508	0.0
1	99.994	-0.153	0.546	61.508	0.0
1	100.094	-0.153	0.546	61.508	0.0
1	100.179	-0.153	0.546	61.508	0.0
1	100.279	-0.153	0.546	61.508	0.0
1	100.339	-0.153	0.546	61.508	0.0
1	100.439	-0.153	0.546	61.508	0.0
1	100.534	-0.153	0.546	61.508	0.0
1	100.634	-0.153	0.546	61.508	0.0
1	100.734	-0.153	0.546	61.508	0.0
1	100.827	-0.153	0.546	61.508	0.0
1	100.910	-0.153	0.546	61.508	0.0
1	101.010	-0.153	0.546	61.508	0.0
1	101.074	-0.153	0.546	61.508	0.0
1	101.150	-0.153	0.546	61.508	0.0
1	101.250	-0.153	0.546	61.508	0.0
1	101.326	-0.153	0.546	61.508	0.0
1	101.426	-0.153	0.546	61.508	0.0
1	101.509	-0.153	0.546	61.508	0.0
1	101.609	-0.153	0.546	61.508	0.0
1	101.689	-0.153	0.546	61.508	0.0
1	101.786	-0.153	0.546	61.508	0.0
1	101.886	-0.153	0.546	61.508	0.0
1	101.950	-0.153	0.546	61.508	0.0
1	102.050	-0.153	0.546	61.508	0.0
1	102.150	-0.153	0.546	61.508	0.0
1	102.250	-0.153	0.546	61.508	0.0
1	102.350	-0.153	0.546	61.508	0.0
1	102.450	-0.153	0.546	61.508	0.0
1	102.550	-0.153	0.546	61.508	0.0
1	102.647	-0.153	0.546	61.508	0.0
1	102.679	-0.153	0.546	61.508	0.0
1	102.779	-0.153	0.546	61.508	0.0
1	102.859	-0.153	0.546	61.508	0.0
1	102.959	-0.153	0.546	61.508	0.0
1	103.059	-0.153	0.546	61.508	0.0
1	103.139	-0.153	0.546	61.508	0.0
1	103.219	-0.153	0.546	61.508	0.0
1	103.319	-0.153	0.546	61.508	0.0
1	103.419	-0.153	0.546	61.508	0.0
1	103.519	-0.153	0.546	61.508	0.0
1	103.619	-0.153	0.546	61.508	0.0
1	103.710	-0.153	0.546	61.508	0.0
1	103.810	-0.153	0.546	61.508	0.0
1	103.910	-0.153	0.546	61.508	0.0
1	104.010	-0.153	0.546	61.508	0.0
1	104.110	-0.153	0.546	61.508	0.0
1	104.210	-0.153	0.546	61.508	0.0
1	104.310	-0.153	0.546	61.508	0.0
1	104.410	-0.153	0.546	61.508	0.0
1	104.510	-0.153	0.546	61.508	0.0
1	104.610	-0.153	0.546	61.508	0.0
1	104.710	-0.153	0.546	61.508	0.0
1	104.810	-0.153	0.546	61.508	0.0
1	104.910	-0.153	0.546	61.508	0.0
1	105.010	-0.153	0.546	61.508	0.0
1	105.110	-0.153	0.546	61.508	0.0
1	105.210	-0.153	0.546	61.508	0.0
1	105.310	-0.153	0.546	61.508	0.0
1	105.410	-0.153	0.546	61.508	0.0
1	105.510	-0.153	0.546	61.508	0.0
1	105.610	-0.153	0.546	61.508	0.0
1	105.710	-0.153	0.546	61.508	0.0
1	105.810	-0.153	0.546	61.508	0.0
1	105.910	-0.153	0.546	61.508	0.0
1	106.010	-0.153	0.546	61.508	0.0
1	106.110	-0.153	0.546	61.508	0.0
1	106.210	-0.153	0.546	61.508	0.0
1	106.310	-0.153	0.546	61.508	0.0
1	106.410	-0.153	0.546	61.508	0.0
1	106.490	-0.153	0.546	61.508	0.0
1	106.570	-0.153	0.546	61.508	0.0
1	106.670	-0.153	0.546	61.508	0.0
1	106.730	-0.153	0.546	61.508	0.0
1	106.781	-0.153	0.546	61.508	0.0
1	106.853	-0.153	0.546	61.508	0.0
1	106.953	-0.153	0.546	61.508	0.0
1	107.037	-0.153	0.546	61.508	0.0
1	107.129	-0.153	0.546	61.508	0.0
1	107.217	-0.153	0.546	61.508	0.0
1	107.269	-0.153	0.546	61.508	0.0
1	107.349	-0.153	0.546	61.508	0.0
1	107.449	-0.153	0.546	61.508	0.0
1	107.545	-0.153	0.546	61.508	0.0
1	107.621	-0.153	0.546	61.508	0.0
1	107.645	-0.153	0.546	61.508	0.0
1	107.745	-0.153	0.546	61.508	0.0
1	107.766	-0.153	0.546	61.508	0.0
1	107.866	-0.153	0.546	61.508	0.0
1	107.949	-0.153	0.546	61.508	0.0
1	108.049	-0.153	0.546	61.508	0.0
1	108.121	-0.153	0.546	61.508	0.0
1	108.213	-0.153	0.546	61.508	0.0
1	108.301	-0.153	0.546	61.508	0.0
1	108.381	-0.153	0.546	61.508	0.0
1	108.473	-0.153	0.546	61.508	0.0
1	108.541	-0.153	0.546	61.508	0.0
1	108.633	-0.153	0.546	61.508	0.0
1	108.733	-0.153	0.546	61.508	0.0
1	108.769	-0.153	0.546	61.508	0.0
1	108.869	-0.153	0.546	61.508	0.0
1	108.953	-0.153	0.546	61.508	0.0
1	109.029	-0.153	0.546	61.508	0.0
1	109.129	-0.153	0.546	61.508	0.0
1	109.229	-0.153	0.546	61.508	0.0
1	109.329	-0.153	0.546	61.508	0.0
1	109.429	-0.153	0.546	61.508	0.0
1	109.529	-0.153	0.546	61.508	0.0
1	109.629	-0.153	0.546	61.508	0.0
1	109.729	-0.153	0.546	61.508	0.0
1	109.829	-0.153	0.546	61.508	0.0
1	109.921	-0.153	0.546	61.508	0.0
1	110.021	-0.153	0.546	61.508	0.0
1	110.101	-0.153	0.546	61.508	0.0
1	110.201	-0.153	0.546	61.508	0.0
1	110.301	-0.153	0.546	61.508	0.0
1	110.385	-0.153	0.546	61.508	0.0
1	110.486	-0.153	0.546	61.508	0.0
1	110.585	-0.153	0.546	61.508	0.0
1	110.685	-0.153	0.546	61.508	0.0
1	110.782	-0.153	0.546	61.508	0.0
1	110.882	-0.153	0.546	61.508	0.0
1	110.982	-0.153	0.546	61.508	0.0
1	111.082	-0.153	0.546	61.508	0.0
1	111.182	-0.153	0.546	61.508	0.0
1	111.274	-0.153	0.546	61.508	0.0
1	111.374	-0.153	0.546	61.508	0.0
1	111.467	-0.153	0.546	61.508	0.0
1	111.567	-0.153	0.546	61.508	0.0
1	111.667	-0.153	0.546	61.508	0.0
1	111.730	-0.153	0.546	61.508	0.0
1	111.830	-0.153	0.546	61.508	0.0
1	111.930	-0.153	0.546	61.508	0.0
1	112.030	-0.153	0.546	61.508	0.0
1	112.130	-0.153	0.546	61.508	0.0
1	112.230	-0.153	0.546	61.508	0.0
1	112.317	-0.153	0.546	61.508	0.0
1	112.417	-0.153	0.546	61.508	0.0
1	112.517	-0.153	0.546	61.508	0.0
1	112.617	-0.153	0.546	61.508	0.0
1	112.697	-0.153	0.546	61.508	0.0
1	112.797	-0.153	0.546	61.508	0.0
1	112.881	-0.153	0.546	61.508	0.0
1	112.981	-0.153	0.546	61.508	0.0
1	113.081	-0.153	0.546	61.508	0.0
1	113.181	-0.153	0.546	61.508	0.0
1	113.281	-0.153	0.546	61.508	0.0
1	113.381	-0.153	0.546	61.508	0.0
1	113.481	-0.153	0.546	61.508	0.0
1	113.581	-0.153	0.546	61.508	0.0
1	113.681	-0.153	0.546	61.508	0.0
1	113.781	-0.153	0.546	61.508	0.0
1	113.881	-0.153	0.546	61.508	0.0
1	113.981	-0.153	0.546	61.508	0.0
1	114.038	-0.153	0.546	61.508	0.0
1	114.138	-0.153	0.546	61.508	0.0
1	114.238	-0.124	0.561	61.508	0.0
1	114.310	-0.104	0.572	61.508	0.0
1	114.410	-0.076	0.587	61.508	0.0
1	114.510	-0.048	0.603	61.508	0.0
1	114.610	-0.020	0.618	61.508	0.0
1	114.709	0.008	0.633	61.508	0.0
1	114.809	0.036	0.648	61.508	0.0
1	114.909	0.064	0.664	61.508	0.0
1	115.009	0.093	0.679	61.508	0.0
1	115.109	0.121	0.694	61.508	0.0
1	115.206	0.148	0.709	61.508	0.0
1	115.306	0.176	0.724	61.508	0.0
1	115.386	0.198	0.736	61.508	0.0
1	115.486	0.227	0.752	61.508	0.0
1	115.586	0.255	0.767	61.508	0.0
1	115.686	0.283	0.782	61.508	0.0
1	115.786	0.312	0.796	63.908	0.0
1	115.886	0.341	0.808	68.708	0.0
1	115.958	0.364	0.815	73.446	0.0
1	116.058	0.395	0.819	81.446	0.0
1	116.158	0.395	0.819	87.046	0.0
1	116.258	0.395	0.819	90.246	0.0
1	116.358	0.395	0.819	91.046	0.0
1	116.458	0.395	0.819	91.046	0.0
1	116.558	0.395	0.819	91.046	0.0
1	116.658	0.395	0.819	88.646	0.0
1	116.758	0.395	0.819	83.846	0.0
1	116.847	0.395	0.819	81.479	0.0
1	116.947	0.395	0.819	81.198	0.0
1	117.047	0.395	0.819	81.198	0.0
1	117.147	0.395	0.819	81.198	0.0
1	117.247	0.395	0.819	81.198	0.0
1	117.347	0.395	0.819	81.198	0.0
1	117.415	0.395	0.819	81.198	0.0
1	117.515	0.395	0.819	81.198	0.0
1	117.615	0.395	0.819	81.198	0.0
1	117.683	0.395	0.819	81.198	0.0
1	117.783	0.395	0.819	78.798	0.0
1	117.883	0.395	0.819	78.798	0.0
1	117.971	0.395	0.819	78.798	0.0
1	118.071	0.395	0.819	78.798	0.0
1	118.171	0.395	0.819	78.798	0.0
1	118.271	0.395	0.819	78.798	0.0
1	118.367	0.395	0.819	78.798	0.0
1	118.467	0.395	0.819	78.798	0.0
1	118.567	0.395	0.819	78.798	0.0
1	118.667	0.395	0.819	78.798	0.0
1	118.767	0.395	0.819	76.398	0.0
1	118.856	0.395	0.819	72.406	0.0
1	118.956	0.395	0.819	70.286	0.0
1	119.056	0.395	0.819	70.286	0.0
1	119.156	0.395	0.819	70.286	0.0
1	119.256	0.395	0.819	70.286	0.0
1	119.356	0.395	0.819	70.286	0.0
1	119.456	0.395	0.819	70.286	0.0
1	119.556	0.395	0.819	70.286	0.0
1	119.656	0.395	0.819	70.286	0.0
1	119.756	0.395	0.819	70.286	0.0
1	119.852	0.395	0.819	70.286	0.0
1	119.952	0.395	0.819	70.286	0.0
1	120.052	0.395	0.819	70.286	0.0
1	120.152	0.395	0.819	70.286	0.0
1	120.252	0.395	0.819	70.286	0.0
1	120.352	0.395	0.819	70.286	0.0
1	120.452	0.395	0.819	70.286	0.0
1	120.536	0.395	0.819	70.286	0.0
1	120.636	0.395	0.819	70.286	0.0
1	120.736	0.395	0.819	70.286	0.0
1	120.836	0.395	0.819	70.286	0.0
1	120.936	0.395	0.819	70.286	0.0
1	121.036	0.395	0.819	70.286	0.0
1	121.136	0.395	0.819	70.286	0.0
1	121.232	0.395	0.819	70.286	0.0
1	121.332	0.395	0.819	70.286	0.0
1	121.432	0.395	0.819	70.286	0.0
1	121.532	0.395	0.819	70.286	0.0
1	121.624	0.395	0.819	70.286	0.0
1	121.724	0.395	0.819	70.286	0.0
1	121.824	0.395	0.819	70.286	0.0
1	121.924	0.395	0.819	70.286	0.0
1	122.024	0.395	0.819	70.286	0.0
1	122.100	0.395	0.819	70.286	0.0
1	122.200	0.395	0.819	70.286	0.0
1	122.300	0.395	0.819	70.286	0.0
1	122.400	0.395	0.819	70.286	0.0
1	122.491	0.395	0.819	70.286	0.0
1	122.591	0.395	0.819	70.286	0.0
1	122.691	0.395	0.819	70.286	0.0
1	122.751	0.395	0.819	70.286	0.0
1	122.851	0.395	0.819	70.286	0.0
1	122.951	0.395	0.819	70.286	0.0
1	123.051	0.395	0.819	70.286	0.0
1	123.151	0.395	0.819	70.286	0.0
1	123.251	0.395	0.819	70.286	0.0
1	123.351	0.395	0.819	70.286	0.0
1	123.439	0.395	0.819	70.286	0.0
1	123.539	0.395	0.819	70.286	0.0
1	123.639	0.395	0.819	70.286	0.0
1	123.739	0.395	0.819	70.286	0.0
1	123.839	0.395	0.819	70.286	0.0
1	123.939	0.395	0.819	70.286	0.0
1	124.035	0.395	0.819	70.286	0.0
1	124.135	0.395	0.819	70.286	0.0
1	124.235	0.395	0.819	70.286	0.0
1	124.323	0.395	0.819	70.286	0.0
1	124.423	0.395	0.819	70.286	0.0
1	124.523	0.395	0.819	70.286	0.0
1	124.616	0.395	0.819	70.286	0.0
1	124.716	0.395	0.819	70.286	0.0
1	124.816	0.395	0.819	70.286	0.0
1	124.916	0.395	0.819	67.886	0.0
1	125.016	0.395	0.819	67.886	0.0
1	125.100	0.395	0.819	67.886	0.0
1	125.200	0.395	0.819	67.886	0.0
1	125.300	0.425	0.831	67.886	0.0
1	125.391	0.452	0.842	67.886	0.0
1	125.491	0.482	0.854	67.886	0.0
1	125.571	0.505	0.864	67.886	0.0
1	125.671	0.505	0.864	67.886	0.0
1	125.771	0.505	0.864	67.886	0.0
1	125.871	0.505	0.864	65.486	0.0
1	125.960	0.505	0.864	61.479	0.0
1	126.060	0.505	0.864	54.553	0.0
1	126.160	0.505	0.864	46.553	0.0
1	126.260	0.505	0.864	38.553	0.0
2	126.920	0.505	0.864	352.978	0.0
2	127.000	0.505	0.864	351.954	0.0
2	127.100	0.505	0.864	351.954	0.0
2	127.200	0.505	0.864	351.954	0.0
2	127.300	0.505	0.864	351.954	0.0
2	127.400	0.505	0.864	351.954	0.0
2	127.500	0.505	0.864	351.954	0.0
2	127.600	0.505	0.864	351.954	0.0
2	127.700	0.505	0.864	349.554	0.0
2	127.800	0.505	0.864	344.754	0.0
2	127.900	0.505	0.864	337.554	0.0
2	128.000	0.505	0.864	329.554	0.0
2	128.100	0.505	0.864	321.554	0.0
2	128.200	0.505	0.864	315.954	0.0
2	128.300	0.505	0.864	312.754	0.0
2	128.392	0.505	0.864	311.843	0.0
2	128.492	0.505	0.864	311.843	0.0
2	128.592	0.505	0.864	311.843	0.0
2	128.692	0.505	0.864	311.843	0.0
2	128.792	0.505	0.864	311.843	0.0
2	128.892	0.505	0.864	311.843	0.0
2	128.992	0.505	0.864	311.843	0.0
2	129.092	0.505	0.864	311.843	0.0
2	129.192	0.505	0.864	311.843	0.0
2	129.264	0.505	0.864	311.843	0.0
2	129.364	0.505	0.864	311.843	0.0
2	129.464	0.505	0.864	311.843	0.0
2	129.564	0.505	0.864	311.843	0.0
2	129.664	0.505	0.864	309.443	0.0
2	129.764	0.505	0.864	304.643	0.0
2	129.864	0.505	0.864	297.443	0.0
2	129.964	0.505	0.864	289.443	0.0
2	130.064	0.505	0.864	281.443	0.0
2	130.145	0.505	0.864	274.982	0.0
2	130.245	0.505	0.864	266.982	0.0
2	130.344	0.505	0.864	259.005	0.0
2	130.444	0.505	0.864	251.005	0.0
2	130.544	0.505	0.864	243.005	0.0
2	130.608	0.505	0.864	237.874	0.0
2	130.708	0.505	0.864	229.874	0.0
2	130.808	0.505	0.864	221.874	0.0
2	130.885	0.505	0.864	215.767	0.0
2	130.985	0.505	0.864	207.767	0.0
2	131.085	0.505	0.864	199.767	0.0
2	131.185	0.505	0.864	191.767	0.0
2	131.269	0.505	0.864	185.068	0.0
2	131.369	0.505	0.864	179.468	0.0
2	131.469	0.505	0.864	176.268	0.0
2	131.565	0.505	0.864	175.410	0.0
2	131.665	0.505	0.864	175.410	0.0
2	131.765	0.505	0.864	175.410	0.0
2	131.865	0.505	0.864	175.410	0.0
2	131.965	0.505	0.864	175.410	0.0
2	132.065	0.505	0.864	175.410	4.8
2	132.165	0.505	0.864	175.410	9.6
2	132.265	0.505	0.864	175.410	9.6
2	132.365	0.505	0.864	175.410	9.6
2	132.449	0.505	0.864	175.410	9.6
2	132.549	0.505	0.864	175.410	9.6
2	132.636	0.505	0.864	175.410	13.8
2	132.736	0.505	0.864	175.410	18.6
2	132.836	0.505	0.864	175.410	18.6
2	132.936	0.505	0.864	175.410	18.6
2	133.036	0.505	0.864	175.410	13.8
2	133.121	0.505	0.864	175.410	9.8
2	133.221	0.505	0.864	175.410	5.0
2	133.321	0.505	0.864	175.410	0.2
2	133.421	0.505	0.864	175.410	355.4
2	133.521	0.505	0.864	175.410	355.4
2	133.604	0.505	0.864	175.410	355.4
2	133.704	0.505	0.864	175.410	0.2
2	133.804	0.505	0.864	175.410	0.2
2	133.849	0.505	0.864	175.410	0.2
2	133.949	0.505	0.864	175.410	0.2
2	134.049	0.505	0.864	175.410	0.2
2	134.149	0.505	0.864	175.410	0.2
2	134.249	0.505	0.864	175.410	0.2
2	134.349	0.505	0.864	175.410	0.2
2	134.436	0.505	0.864	175.410	0.2
2	134.536	0.505	0.864	175.410	0.2
2	134.636	0.505	0.864	175.410	0.2
2	134.736	0.505	0.864	175.410	0.2
2	134.836	0.505	0.864	175.410	0.2
2	134.936	0.505	0.864	175.410	0.2
2	135.033	0.505	0.864	175.410	0.2
2	135.133	0.505	0.864	175.410	0.2
2	135.229	0.505	0.864	175.410	0.2
2	135.329	0.505	0.864	175.410	0.2
2	135.429	0.505	0.864	175.410	0.2
2	135.505	0.505	0.864	175.410	0.2
2	135.605	0.505	0.864	175.410	0.2
2	135.705	0.505	0.864	175.410	0.2
2	135.805	0.505	0.864	175.410	0.2
2	135.905	0.505	0.864	175.410	0.2
2	136.005	0.505	0.864	175.410	0.2
2	136.081	0.505	0.864	175.410	0.2
2	136.181	0.505	0.864	175.410	0.2
2	136.281	0.505	0.864	175.410	0.2
2	136.381	0.505	0.864	175.410	0.2
2	136.481	0.505	0.864	175.410	0.2
2	136.581	0.505	0.864	175.410	0.2
2	136.658	0.505	0.864	175.410	0.2
2	136.758	0.505	0.864	175.410	0.2
2	136.858	0.505	0.864	175.410	0.2
2	136.958	0.505	0.864	175.410	0.2
2	137.058	0.505	0.864	175.410	0.2
2	137.157	0.505	0.864	175.410	0.2
2	137.257	0.505	0.864	175.410	0.2
2	137.357	0.505	0.864	175.410	0.2
2	137.457	0.505	0.864	175.410	0.2
2	137.557	0.505	0.864	175.410	0.2
2	137.657	0.505	0.864	175.410	0.2
2	137.757	0.505	0.864	175.410	0.2
2	137.857	0.505	0.864	175.410	0.2
2	137.957	0.505	0.864	175.410	0.2
2	138.057	0.505	0.864	175.410	0.2
2	138.157	0.505	0.864	175.410	0.2
2	138.257	0.505	0.864	175.410	0.2
2	138.357	0.505	0.864	175.410	0.2
2	138.457	0.505	0.864	175.410	0.2
2	138.557	0.505	0.864	175.410	0.2
2	138.657	0.505	0.864	175.410	0.2
2	138.757	0.505	0.864	175.410	0.2
2	138.857	0.505	0.864	175.410	0.2
2	138.957	0.505	0.864	175.410	0.2
2	139.057	0.505	0.864	175.410	0.2
2	139.157	0.505	0.864	175.410	0.2
2	139.257	0.505	0.864	175.410	0.2
2	139.357	0.505	0.864	175.410	0.2
2	139.457	0.505	0.864	175.410	0.2
2	139.557	0.505	0.864	175.410	0.2
2	139.622	0.505	0.864	175.410	0.2
2	139.722	0.505	0.864	175.410	0.2
2	139.822	0.505	0.864	175.410	0.2
2	139.922	0.505	0.864	175.410	0.2
2	140.022	0.505	0.864	175.410	0.2
2	140.122	0.505	0.864	175.410	0.2
2	140.222	0.505	0.864	175.410	0.2
2	140.322	0.505	0.864	175.410	0.2
2	140.422	0.505	0.864	175.410	0.2
2	140.522	0.505	0.864	175.410	0.2
2	140.610	0.505	0.864	175.410	0.2
2	140.710	0.505	0.864	175.410	0.2
2	140.810	0.505	0.864	175.410	0.2
2	140.910	0.505	0.864	175.410	0.2
2	141.010	0.505	0.864	175.410	0.2
2	141.090	0.505	0.864	175.410	0.2
2	141.190	0.505	0.864	175.410	0.2
2	141.290	0.505	0.864	175.410	0.2
2	141.390	0.505	0.864	175.410	0.2
2	141.490	0.505	0.864	175.410	0.2
2	141.590	0.505	0.864	175.410	0.2
2	141.690	0.505	0.864	175.410	0.2
2	141.787	0.505	0.864	175.410	0.2
2	141.887	0.505	0.864	175.410	0.2
2	141.987	0.505	0.864	175.410	0.2
2	142.087	0.505	0.864	175.410	0.2
2	142.187	0.505	0.864	175.410	0.2
2	142.287	0.505	0.864	175.410	0.2
2	142.387	0.505	0.864	175.410	0.2
2	142.487	0.505	0.864	175.410	0.2
2	142.587	0.505	0.864	175.410	0.2
2	142.687	0.505	0.864	175.410	0.2
2	142.787	0.505	0.864	175.410	0.2
2	142.887	0.505	0.864	175.410	0.2
2	142.987	0.505	0.864	175.410	0.2
2	143.087	0.505	0.864	175.410	0.2
2	143.187	0.505	0.864	175.410	0.2
2	143.287	0.505	0.864	175.410	0.2
2	143.387	0.505	0.864	175.410	0.2
2	143.487	0.505	0.864	175.410	0.2
2	143.587	0.505	0.864	175.410	0.2
2	143.687	0.505	0.864	175.410	0.2
2	143.787	0.505	0.864	175.410	0.2
2	143.887	0.505	0.864	175.410	0.2
2	143.987	0.505	0.864	175.410	0.2
2	144.087	0.505	0.864	175.410	0.2
2	144.187	0.505	0.864	175.410	0.2
2	144.287	0.505	0.864	175.410	0.2
2	144.387	0.505	0.864	175.410	0.2
2	144.487	0.505	0.864	175.410	0.2
2	144.587	0.505	0.864	175.410	0.2
2	144.687	0.505	0.864	175.410	0.2
2	144.786	0.505	0.864	175.410	0.2
2	144.886	0.505	0.864	175.410	0.2
2	144.986	0.505	0.864	175.410	0.2
2	145.086	0.505	0.864	175.410	0.2
2	145.186	0.505	0.864	175.410	0.2
2	145.286	0.505	0.864	175.410	0.2
2	145.386	0.505	0.864	175.410	0.2
2	145.486	0.505	0.864	175.410	0.2
2	145.586	0.505	0.864	175.410	0.2
2	145.686	0.505	0.864	175.410	0.2
2	145.786	0.505	0.864	175.410	0.2
2	145.886	0.505	0.864	175.410	0.2
2	145.986	0.505	0.864	175.410	0.2
2	146.086	0.505	0.864	175.410	0.2
2	146.186	0.505	0.864	175.410	0.2
2	146.286	0.505	0.864	175.410	0.2
2	146.386	0.505	0.864	175.410	0.2
2	146.483	0.505	0.864	175.410	0.2
14	146.583	0.505	0.864	175.410	0.2
14	146.615	0.505	0.864	175.410	0.2
14	146.643	0.505	0.864	175.410	0.2
14	146.667	0.505	0.864	175.410	0.2
14	146.755	0.505	0.864	175.410	0.2
14	146.855	0.505	0.864	175.410	0.2
14	146.955	0.505	0.864	175.410	0.2
14	147.055	0.505	0.864	175.410	0.2
14	147.155	0.505	0.864	175.410	0.2
14	147.255	0.505	0.864	175.410	0.2
14	147.355	0.505	0.864	173.010	0.2
14	147.455	0.505	0.864	168.210	0.2
14	147.555	0.505	0.864	161.010	0.2
14	147.655	0.505	0.864	153.010	0.2
14	147.755	0.505	0.864	145.010	0.2
14	147.823	0.505	0.864	139.553	0.2
14	147.863	0.505	0.864	136.382	0.2
14	147.963	0.505	0.864	128.382	0.2
14	148.063	0.505	0.864	122.782	0.2
14	148.163	0.505	0.864	122.782	0.2
14	148.251	0.505	0.864	124.637	0.2
14	148.351	0.505	0.864	129.147	0.2
14	148.439	0.505	0.864	134.991	0.2
14	148.539	0.505	0.864	142.991	0.2
14	148.639	0.505	0.864	150.991	0.2
14	148.739	0.505	0.864	156.591	0.2
14	148.827	0.505	0.864	159.657	0.2
14	148.927	0.505	0.864	159.657	0.2
14	149.027	0.505	0.864	157.257	0.2
14	149.127	0.505	0.864	152.457	0.2
14	149.227	0.505	0.864	145.257	0.2
14	149.327	0.527	0.841	137.257	0.2
14	149.427	0.551	0.819	131.657	0.2
14	149.527	0.576	0.799	128.457	0.2
14	149.627	0.602	0.780	127.657	0.2
14	149.727	0.627	0.760	127.657	0.2
14	149.827	0.652	0.741	127.657	0.2
14	149.927	0.678	0.721	127.657	0.2
14	150.027	0.703	0.702	127.657	0.2
14	150.127	0.728	0.682	127.657	0.2
14	150.227	0.754	0.663	127.657	0.2
14	150.327	0.779	0.643	127.657	0.2
14	150.427	0.804	0.623	127.657	0.2
14	150.527	0.830	0.604	127.657	0.2
14	150.627	0.830	0.604	127.657	0.2
14	150.727	0.830	0.604	127.657	0.2
14	150.827	0.830	0.604	127.657	0.2
14	150.927	0.830	0.604	125.257	0.2
14	151.027	0.830	0.604	120.457	0.2
14	151.127	0.830	0.604	113.257	0.2
14	151.227	0.830	0.604	105.257	0.2
14	151.327	0.830	0.604	97.257	0.2
14	151.415	0.830	0.604	90.157	0.2
14	151.515	0.830	0.604	82.157	0.2
14	151.615	0.830	0.604	76.557	0.2
14	151.715	0.830	0.604	73.357	0.2
14	151.815	0.830	0.604	72.557	0.2
14	151.911	0.830	0.604	72.557	0.2
14	152.011	0.830	0.604	72.557	0.2
14	152.108	0.830	0.604	72.557	0.2
14	152.208	0.830	0.604	70.157	0.2
14	152.308	0.830	0.604	65.357	0.2
14	152.408	0.830	0.604	58.157	0.2
14	152.508	0.830	0.604	50.157	0.2
14	152.608	0.830	0.604	42.157	0.2
14	152.708	0.830	0.604	34.157	0.2
14	152.808	0.830	0.604	26.157	0.2
14	152.908	0.830	0.604	18.157	0.2
14	153.008	0.830	0.604	10.157	0.2
14	153.108	0.830	0.604	2.157	0.2
14	153.208	0.830	0.604	354.157	0.2
14	153.308	0.830	0.604	346.157	0.2
14	153.408	0.830	0.604	338.157	0.2
14	153.508	0.830	0.604	338.157	0.2
14	153.608	0.830	0.604	340.557	0.2
14	153.708	0.830	0.604	345.357	0.2
14	153.808	0.830	0.604	352.557	0.2
14	153.908	0.830	0.604	0.557	0.2
14	154.008	0.830	0.604	8.557	0.2
14	154.108	0.830	0.604	16.557	0.2
14	154.208	0.830	0.604	24.557	0.2
14	154.308	0.830	0.604	32.557	0.2
14	154.408	0.830	0.604	40.557	0.2
14	154.508	0.830	0.604	46.157	0.2
14	154.608	0.830	0.604	49.357	0.2
14	154.708	0.830	0.604	49.357	0.2
14	154.808	0.830	0.604	46.957	0.2
14	154.908	0.830	0.604	42.157	0.2
14	155.008	0.830	0.604	34.957	0.2
14	155.108	0.830	0.604	26.957	0.2
14	155.208	0.830	0.604	18.957	0.2
14	155.308	0.830	0.604	10.957	0.2
14	155.408	0.830	0.604	2.957	0.2
14	155.508	0.830	0.604	354.957	0.2
14	155.608	0.830	0.604	346.957	0.2
14	155.708	0.830	0.604	338.957	0.2
14	155.808	0.830	0.604	330.957	0.2
14	155.908	0.810	0.629	322.957	0.2
14	156.008	0.788	0.652	314.957	0.2
14	156.076	0.771	0.666	309.491	0.2
14	156.176	0.743	0.683	301.491	0.2
14	156.276	0.714	0.695	293.491	0.2
14	156.376	0.683	0.704	285.491	0.2
14	156.476	0.652	0.710	279.891	0.2
14	156.576	0.620	0.713	276.691	0.2
14	156.676	0.588	0.717	275.891	0.2
14	156.776	0.556	0.720	275.891	0.2
14	156.868	0.527	0.723	275.891	0.2
14	156.968	0.495	0.726	275.891	0.2
14	157.068	0.463	0.729	275.891	0.2
14	157.168	0.431	0.733	275.891	0.2
14	157.268	0.400	0.736	275.891	0.2
14	157.368	0.368	0.739	275.891	0.2
14	157.468	0.336	0.743	275.891	0.2
14	157.568	0.304	0.746	275.891	0.2
14	157.668	0.272	0.749	275.891	0.2
14	157.752	0.245	0.752	275.891	0.2
14	157.852	0.214	0.755	275.891	0.2
14	157.952	0.182	0.758	275.891	0.2
14	158.025	0.159	0.761	275.891	0.2
14	158.125	0.127	0.764	275.891	0.2
14	158.225	0.095	0.767	275.891	0.2
14	158.325	0.063	0.771	275.891	0.2
14	158.425	0.031	0.773	273.491	0.2
14	158.525	-0.001	0.772	268.691	0.2
14	158.625	-0.033	0.770	266.291	0.2
14	158.725	-0.064	0.768	266.291	0.2
14	158.825	-0.096	0.766	266.291	0.2
14	158.925	-0.128	0.764	266.291	0.2
14	159.025	-0.160	0.762	266.291	0.2
14	159.125	-0.192	0.759	266.291	0.2
14	159.225	-0.224	0.759	268.691	0.2
14	159.325	-0.256	0.761	273.491	0.2
14	159.425	-0.288	0.764	275.891	0.2
14	159.525	-0.320	0.767	275.891	0.2
14	159.625	-0.352	0.771	275.891	0.2
14	159.725	-0.383	0.774	275.891	0.2
14	159.825	-0.415	0.777	275.891	0.2
14	159.897	-0.438	0.779	275.891	0.2
14	159.997	-0.470	0.783	275.891	0.2
14	160.097	-0.502	0.786	275.891	0.2
14	160.197	-0.534	0.789	275.891	0.2
15	160.833	-0.629	0.799	275.891	0.2

