10.811	-22.000	4.820	-50.000	0.000	102.070	0.000	1
10.905	-22.000	4.820	-50.000	0.000	102.070	0.000	1
11.005	-22.000	4.820	-50.000	0.000	102.070	0.000	1
11.106	-22.000	4.820	-50.000	0.000	102.070	0.000	1
11.206	-22.000	4.820	-50.000	0.000	102.070	0.000	1
11.306	-22.000	4.820	-50.000	0.000	102.070	0.000	1
11.406	-22.000	4.820	-50.000	0.000	102.070	0.000	1
11.506	-22.000	4.820	-50.000	0.000	102.070	0.000	1
11.607	-22.000	4.820	-50.000	0.000	102.070	0.000	1
11.707	-22.000	4.820	-50.000	0.000	102.070	0.000	1
11.807	-22.000	4.820	-50.000	0.000	102.070	0.000	1
11.907	-22.000	4.820	-50.000	0.000	102.070	0.000	1
12.007	-22.000	4.820	-50.000	0.000	102.070	0.000	1
12.108	-22.000	4.820	-50.000	0.000	102.070	0.000	1
12.208	-22.000	4.820	-50.000	0.000	102.070	0.000	1
12.307	-22.000	4.820	-50.000	0.000	102.070	0.000	1
12.408	-21.250	4.820	-50.160	0.000	102.070	0.000	1
12.508	-20.562	4.820	-50.307	0.000	102.070	0.000	1
12.609	-19.842	4.820	-50.462	0.000	102.070	0.000	1
12.707	-19.842	4.820	-50.462	0.000	102.070	0.000	1
12.809	-19.842	4.820	-50.462	0.000	102.070	0.000	1
12.909	-19.842	4.820	-50.462	0.000	102.070	0.000	1
13.009	-19.842	4.820	-50.462	0.000	102.070	0.000	1
13.110	-19.842	4.820	-50.462	0.000	102.070	0.000	1
13.210	-19.842	4.820	-50.462	0.000	100.712	0.000	1
13.310	-19.842	4.820	-50.462	0.000	97.532	0.000	1
13.410	-19.842	4.820	-50.462	0.000	90.526	0.000	1
13.510	-19.842	4.820	-50.462	0.000	83.177	0.000	1
13.607	-19.842	4.820	-50.462	0.000	73.876	0.000	1
13.711	-19.842	4.820	-50.462	0.000	66.548	0.000	1
13.811	-19.842	4.820	-50.462	0.000	60.552	0.000	1
13.910	-19.842	4.820	-50.462	0.000	55.760	0.000	1
14.011	-19.842	4.820	-50.462	0.000	54.433	0.000	1
14.112	-19.842	4.820	-50.462	0.000	54.433	0.000	1
14.212	-19.842	4.820	-50.462	0.000	55.079	0.000	1
14.311	-19.842	4.820	-50.462	0.000	59.207	0.000	1
14.412	-19.842	4.820	-50.462	0.000	64.305	0.000	1
14.512	-19.842	4.820	-50.462	0.000	71.454	0.000	1
14.611	-19.842	4.820	-50.462	0.000	78.880	0.000	1
14.713	-19.842	4.820	-50.462	0.000	82.239	0.000	1
14.813	-19.842	4.820	-50.462	0.000	83.569	0.000	1
14.913	-19.842	4.820	-50.462	0.000	83.569	0.000	1
15.011	-19.842	4.820	-50.462	0.183	83.569	0.000	1
15.114	-19.842	4.820	-50.462	2.155	83.569	0.000	1
15.214	-19.842	4.820	-50.462	6.162	83.569	0.000	1
15.314	-19.842	4.820	-50.462	11.717	83.569	0.000	1
15.414	-19.842	4.820	-50.462	16.377	83.569	0.000	1
15.514	-19.842	4.820	-50.462	17.769	83.569	0.000	1
15.611	-19.842	4.820	-50.462	18.746	83.569	0.000	1
15.715	-19.842	4.820	-50.462	18.776	83.569	0.000	1
15.815	-19.842	4.820	-50.462	18.776	83.569	0.000	1
15.907	-19.842	4.820	-50.462	18.776	83.569	0.000	1
16.015	-19.625	4.746	-50.437	18.776	83.569	0.000	1
16.115	-18.728	4.439	-50.336	18.776	83.569	0.000	1
16.216	-18.066	4.213	-50.261	18.776	83.569	0.000	1
16.316	-17.372	3.975	-50.183	18.776	83.569	0.000	1
16.416	-16.681	3.739	-50.105	18.776	83.569	0.000	1
16.507	-15.775	3.429	-50.003	18.776	83.569	0.000	1
16.617	-15.080	3.191	-49.925	18.776	83.569	0.000	1
16.717	-14.390	2.965	-49.847	17.440	83.569	0.000	1
16.811	-13.464	2.721	-49.743	12.624	83.569	0.000	1
16.917	-12.777	2.611	-49.665	6.946	83.569	0.000	1
17.014	-12.777	2.611	-49.665	358.838	83.569	0.000	1
17.118	-12.777	2.611	-49.665	354.832	83.569	0.000	1
17.218	-12.777	2.611	-49.665	352.697	83.569	0.000	1
17.311	-12.777	2.611	-49.665	352.308	83.569	0.000	1
17.418	-12.777	2.611	-49.665	352.308	83.569	0.000	1
17.518	-12.777	2.611	-49.665	352.308	83.569	0.000	1
17.611	-12.777	2.611	-49.665	352.308	83.569	0.000	1
17.719	-12.559	2.641	-49.641	352.308	83.569	0.000	1
17.819	-11.832	2.740	-49.559	352.308	83.569	0.000	1
17.919	-10.824	2.877	-49.445	352.308	83.569	0.000	1
18.007	-10.127	2.972	-49.367	352.308	83.569	0.000	1
18.120	-9.406	3.070	-49.285	352.308	83.569	0.000	1
18.220	-8.681	3.168	-49.204	352.308	83.569	0.000	1
18.315	-7.705	3.301	-49.094	352.308	83.569	0.000	1
18.420	-7.012	3.395	-49.016	352.308	83.569	0.000	1
18.520	-6.091	3.520	-48.912	352.308	83.569	0.000	1
18.607	-5.404	3.614	-48.834	352.120	83.569	0.000	1
18.718	-4.528	3.758	-48.736	349.501	83.569	0.000	1
18.811	-3.814	3.929	-48.655	345.036	83.569	0.000	1
18.921	-3.814	3.929	-48.655	339.213	83.569	0.000	1
19.011	-3.814	3.929	-48.655	329.965	83.569	0.000	1
19.122	-3.814	3.929	-48.655	322.933	83.569	0.000	1
19.205	-3.814	3.929	-48.655	316.212	83.569	0.000	1
19.305	-3.814	3.929	-48.655	306.899	83.569	0.000	1
19.405	-3.814	3.929	-48.655	300.223	83.569	0.000	1
19.506	-3.814	3.929	-48.655	292.146	83.569	0.000	1
19.606	-3.814	3.929	-48.655	288.331	83.569	0.000	1
19.706	-3.814	3.929	-48.655	285.834	83.569	0.000	1
19.806	-3.814	3.929	-48.655	285.742	83.569	0.000	1
19.906	-3.814	3.929	-48.655	285.742	83.569	0.000	1
20.007	-3.564	4.821	-48.627	285.742	83.569	0.000	1
20.107	-3.374	5.498	-48.606	285.742	83.569	0.000	1
20.207	-3.175	6.208	-48.583	285.742	83.569	0.000	1
20.307	-3.175	6.208	-48.583	285.742	83.569	0.000	1
20.407	-3.175	6.208	-48.583	285.557	83.569	0.000	1
20.508	-3.175	6.208	-48.583	282.585	83.569	0.000	1
20.608	-3.175	6.208	-48.583	278.218	83.569	0.000	1
20.707	-3.175	6.208	-48.583	270.246	263.569	180.000	1
20.808	-3.175	6.208	-48.583	277.606	263.569	180.000	1
20.908	-3.175	6.208	-48.583	285.589	263.570	180.000	1
21.009	-3.175	6.208	-48.583	292.639	263.570	180.000	1
21.107	-3.175	6.208	-48.583	302.239	263.570	180.000	1
21.209	-3.175	6.208	-48.583	309.279	263.570	180.000	1
21.309	-3.175	6.208	-48.583	316.302	263.570	180.000	1
21.409	-3.175	6.208	-48.583	325.683	263.570	180.000	1
21.510	-3.175	6.208	-48.583	330.792	263.570	180.000	1
21.610	-3.175	6.208	-48.583	334.156	263.570	180.000	1
21.710	-3.175	6.208	-48.583	335.509	263.570	180.000	1
21.810	-3.175	6.208	-48.583	335.509	263.570	180.000	1
21.907	-3.175	6.208	-48.583	335.509	263.570	180.000	1
22.011	-3.175	6.208	-48.583	335.509	263.570	180.000	1
22.111	-3.175	6.208	-48.583	335.509	263.570	180.000	1
22.211	-3.175	6.208	-48.583	335.509	263.570	180.000	1
22.311	-3.175	6.208	-48.583	335.509	263.570	180.000	1
22.411	-3.175	6.208	-48.583	337.527	263.570	180.000	1
22.512	-3.175	6.208	-48.583	338.736	263.570	180.000	1
22.612	-3.175	6.208	-48.583	338.736	263.570	180.000	1
22.712	-3.175	6.208	-48.583	338.749	265.728	179.217	1
22.812	-3.175	6.208	-48.583	338.846	269.686	177.785	1
22.907	-3.175	6.208	-48.583	339.342	277.910	174.846	1
23.013	-3.175	6.208	-48.583	340.135	285.382	172.255	1
23.111	-3.175	6.208	-48.583	341.644	295.076	169.075	1
23.213	-3.175	6.208	-48.583	343.106	302.273	166.893	1
23.313	-3.175	6.208	-48.583	344.921	309.754	164.830	1
23.413	-3.175	6.208	-48.583	347.039	317.313	162.995	1
23.514	-3.175	6.208	-48.583	349.596	325.420	161.351	1
23.614	-3.175	6.208	-48.583	352.136	332.780	160.181	1
23.714	-3.175	6.208	-48.583	354.781	339.994	159.357	1
23.814	-3.175	6.208	-48.583	357.516	347.170	158.875	1
23.914	-3.175	6.208	-48.583	0.537	354.948	158.742	1
24.015	-3.175	6.208	-48.583	4.252	4.584	159.146	1
24.110	-3.175	6.208	-48.583	6.178	9.719	159.613	1
24.207	-3.175	6.208	-48.583	7.305	12.803	159.975	1
24.315	-3.175	6.208	-48.583	7.661	13.792	160.104	1
24.415	-3.175	6.208	-48.583	7.661	13.792	160.104	1
24.516	-3.175	6.208	-48.583	7.661	13.792	160.104	1
24.616	-3.175	6.208	-48.583	7.410	13.093	160.012	1
24.716	-3.175	6.208	-48.583	6.397	10.314	159.678	1
24.815	-3.175	6.208	-48.583	3.795	3.382	159.062	1
24.911	-3.175	6.208	-48.583	1.067	356.313	158.761	1
25.007	-3.175	6.208	-48.583	358.284	349.154	158.802	1
25.117	-3.175	6.208	-48.583	355.528	341.977	159.190	1
25.217	-3.175	6.208	-48.583	352.831	334.712	159.928	1
25.317	-3.175	6.208	-48.583	350.266	327.414	161.002	1
25.417	-3.175	6.208	-48.583	347.947	320.294	162.350	1
25.511	-3.175	6.208	-48.583	345.123	310.521	164.631	1
25.618	-3.175	6.208	-48.583	343.301	303.138	166.643	1
25.718	-3.175	6.208	-48.583	341.735	295.565	168.921	1
25.811	-3.175	6.208	-48.583	340.197	285.862	172.093	1
25.918	-3.175	6.208	-48.583	339.359	278.121	174.772	1
26.019	-3.175	6.208	-48.583	338.866	270.214	177.595	1
26.115	-3.175	6.208	-48.583	338.775	259.928	181.320	1
26.219	-3.175	6.208	-48.583	339.103	252.409	184.025	1
26.319	-3.175	6.208	-48.583	339.759	244.922	186.659	1
26.410	-3.175	6.208	-48.583	341.156	234.848	190.037	1
26.520	-3.175	6.208	-48.583	342.522	227.577	192.306	1
26.618	-3.175	6.208	-48.583	344.796	217.864	195.045	1
26.711	-3.175	6.208	-48.583	346.834	210.516	196.849	1
26.820	-3.175	6.208	-48.583	348.847	204.007	198.221	1
26.915	-3.175	6.208	-48.583	351.980	194.795	199.759	1
27.021	-3.175	6.208	-48.583	354.411	188.134	200.550	1
27.119	-3.175	6.208	-48.583	357.719	179.444	201.147	1
27.221	-3.175	6.208	-48.583	0.149	173.186	201.264	1
27.318	-3.175	6.208	-48.583	3.494	164.543	200.988	1
27.407	-3.175	6.208	-48.583	6.001	157.898	200.438	1
27.518	-3.175	6.208	-48.583	9.042	149.432	199.327	1
27.605	-3.175	6.208	-48.583	10.612	144.789	198.534	1
27.705	-3.175	6.208	-48.583	13.514	135.430	196.573	1
27.806	-3.175	6.208	-48.583	15.420	128.437	194.824	1
27.906	-3.175	6.208	-48.583	17.170	121.014	192.739	1
28.006	-3.175	6.208	-48.583	19.041	111.088	189.647	1
28.106	-3.175	6.208	-48.583	20.032	104.039	187.287	1
28.206	-3.175	6.208	-48.583	20.933	94.167	183.825	1
28.307	-3.175	6.208	-48.583	21.230	86.988	181.239	1
28.407	-3.175	6.208	-48.583	21.138	77.034	177.634	1
28.507	-3.175	6.208	-48.583	20.653	69.164	174.824	1
28.607	-3.175	6.208	-48.583	19.540	59.346	171.442	1
28.707	-3.175	6.208	-48.583	18.289	51.700	168.960	1
28.808	-3.175	6.208	-48.583	16.733	44.149	166.685	1
28.908	-3.175	6.208	-48.583	14.820	36.404	164.576	1
29.008	-3.175	6.208	-48.583	12.734	29.069	162.827	1
29.106	-3.175	6.208	-48.583	10.695	22.603	161.513	1
29.208	-3.175	6.208	-48.583	9.857	20.088	161.064	1
29.309	-3.175	6.208	-48.583	9.690	19.594	160.980	1
29.409	-3.175	6.208	-48.583	9.628	19.413	160.950	1
29.509	-3.175	6.208	-48.583	8.935	17.396	160.624	1
29.606	-3.175	6.208	-48.583	6.910	11.715	159.841	1
29.709	-3.175	6.208	-48.583	4.419	5.024	159.179	1
29.810	-3.175	6.208	-48.583	1.925	358.523	158.819	1
29.910	-3.175	6.208	-48.583	0.166	353.997	158.736	1
30.010	-3.175	6.208	-48.583	359.305	351.783	158.747	1
30.110	-3.247	6.215	-48.112	359.139	351.356	158.752	1
30.206	-3.396	6.230	-47.132	359.139	351.356	158.752	1
30.311	-3.512	6.242	-46.368	359.139	351.356	158.752	1
30.411	-3.622	6.253	-45.645	359.139	351.356	158.752	1
30.511	-3.728	6.260	-44.881	359.678	352.742	158.738	1
30.611	-3.795	6.254	-44.150	0.937	355.979	158.755	1
30.710	-3.786	6.206	-43.129	3.903	3.666	159.081	1
30.806	-3.673	6.130	-42.373	6.608	10.888	159.743	1
30.907	-3.458	6.019	-41.609	8.250	17.992	160.705	1
31.012	-3.176	5.918	-40.902	6.867	23.407	161.479	1
31.112	-2.957	5.873	-40.443	2.641	27.367	161.866	1
31.212	-2.957	5.873	-40.443	355.851	29.997	161.853	1
31.313	-2.957	5.873	-40.443	348.227	32.544	161.499	1
31.413	-2.957	5.873	-40.443	341.203	35.025	160.844	1
31.513	-2.957	5.873	-40.443	336.215	36.920	160.155	1
31.613	-2.957	5.873	-40.443	332.584	38.399	159.516	1
31.713	-2.957	5.873	-40.443	332.392	38.480	159.479	1
31.814	-2.957	5.873	-40.443	334.323	37.679	159.838	1
31.907	-2.957	5.873	-40.443	339.710	35.579	160.659	1
32.014	-2.957	5.873	-40.443	345.942	33.333	161.323	1
32.114	-2.957	5.873	-40.443	350.695	31.708	161.652	1
32.214	-2.957	5.873	-40.443	353.203	31.129	161.736	1
32.315	-2.957	5.873	-40.443	354.413	33.243	161.513	1
32.415	-2.957	5.873	-40.443	355.388	36.147	161.254	1
32.515	-2.957	5.873	-40.443	355.657	36.940	161.193	1
32.615	-2.957	5.873	-40.443	355.657	36.940	161.193	1
32.715	-2.957	5.873	-40.443	355.657	36.940	161.193	1
32.816	-2.653	5.912	-40.038	355.657	36.940	161.193	1
32.914	-2.019	5.992	-39.195	355.657	36.940	161.193	1
33.010	-1.559	6.050	-38.584	355.657	36.940	161.193	1
33.106	-1.099	6.108	-37.971	355.657	36.940	161.193	1
33.216	-0.637	6.166	-37.357	355.657	36.940	161.193	1
33.317	-0.198	6.225	-36.775	355.053	37.147	161.176	1
33.417	0.291	6.319	-36.144	352.167	38.140	161.065	1
33.517	0.291	6.319	-36.144	348.692	39.355	160.863	1
33.617	0.291	6.319	-36.144	347.303	39.850	160.760	1
33.717	0.291	6.319	-36.144	347.303	39.850	160.760	1
33.814	0.451	6.375	-35.952	347.303	39.850	160.760	1
33.915	0.953	6.552	-35.351	347.303	39.850	160.760	1
34.011	1.435	6.721	-34.773	347.303	39.850	160.760	1
34.106	1.912	6.889	-34.202	347.303	39.850	160.760	1
34.218	2.393	7.058	-33.625	347.303	39.850	160.760	1
34.319	2.533	7.107	-33.458	347.303	39.850	160.760	1
34.418	2.533	7.107	-33.458	347.303	39.850	160.760	1
34.514	2.533	7.107	-33.458	347.303	39.850	160.760	1
34.611	2.688	7.166	-33.263	346.819	38.413	161.082	1
34.719	3.109	7.342	-32.689	345.718	35.031	161.885	1
34.820	3.247	7.406	-32.483	344.846	32.218	162.600	1
34.920	3.247	7.406	-32.483	344.646	31.552	162.775	1
35.020	3.247	7.406	-32.483	344.646	31.552	162.775	1
35.119	3.247	7.406	-32.483	344.212	30.082	163.170	1
35.215	3.247	7.406	-32.483	343.176	26.393	164.206	1
35.306	3.247	7.406	-32.483	341.737	20.744	165.910	1
35.421	3.247	7.406	-32.483	340.124	13.285	168.350	1
35.521	3.247	7.406	-32.483	338.810	5.569	171.060	1
35.618	3.247	7.406	-32.483	337.575	354.606	175.144	1
35.719	3.247	7.406	-32.483	337.128	345.915	178.496	1
35.815	3.247	7.406	-32.483	337.144	337.592	181.735	1
35.905	3.247	7.406	-32.483	337.439	331.359	184.143	1
36.005	3.247	7.406	-32.483	338.206	323.089	187.270	1
36.105	3.247	7.406	-32.483	339.432	314.616	190.336	1
36.206	3.247	7.406	-32.483	340.985	306.646	193.039	1
36.306	3.247	7.406	-32.483	343.729	296.627	196.105	1
36.406	3.247	7.406	-32.483	347.422	290.888	197.591	1
36.506	3.247	7.406	-32.483	352.387	287.701	198.220	1
36.606	3.247	7.406	-32.483	1.193	287.258	198.354	1
36.707	3.247	7.406	-32.483	9.721	286.798	198.358	1
36.807	3.247	7.406	-32.483	17.953	283.877	197.728	1
36.907	3.247	7.406	-32.483	24.821	277.494	195.470	1
37.007	3.247	7.406	-32.483	29.001	269.798	192.012	1
37.107	3.247	7.406	-32.483	30.765	260.390	187.310	1
37.208	3.247	7.406	-32.483	31.450	251.085	182.495	1
37.308	3.247	7.406	-32.483	31.442	241.315	177.389	1
37.408	3.247	7.406	-32.483	30.743	232.036	172.589	1
37.508	3.247	7.406	-32.483	29.327	222.572	167.843	1
37.608	3.247	7.406	-32.483	27.348	213.740	163.644	1
37.709	3.247	7.406	-32.483	25.064	205.953	160.200	1
37.809	3.247	7.406	-32.483	22.493	198.742	157.289	1
37.909	3.247	7.406	-32.483	18.527	189.408	154.010	1
38.009	3.247	7.406	-32.483	15.493	183.161	152.181	1
38.106	3.247	7.406	-32.483	10.866	174.538	150.209	1
38.210	3.247	7.406	-32.483	7.315	168.385	149.236	1
38.310	3.247	7.406	-32.483	3.656	162.288	148.652	1
38.410	3.247	7.406	-32.483	359.465	155.080	148.469	1
38.510	3.247	7.406	-32.483	359.031	150.587	148.568	1
38.610	3.247	7.406	-32.483	1.034	147.067	148.598	1
38.711	3.247	7.406	-32.483	7.710	142.543	148.275	1
38.811	3.247	7.406	-32.483	13.683	138.737	147.568	1
38.911	3.247	7.406	-32.483	21.985	133.016	145.810	1
39.011	3.247	7.406	-32.483	28.001	128.342	143.831	1
39.111	3.247	7.406	-32.483	33.580	123.374	141.284	1
39.210	3.247	7.406	-32.483	40.837	115.436	136.469	1
39.312	3.247	7.406	-32.483	44.904	109.805	132.634	1
39.412	3.247	7.406	-32.483	47.571	105.377	129.435	1
39.510	3.247	7.406	-32.483	48.978	102.715	127.447	1
39.612	3.247	7.406	-32.483	48.984	102.702	127.438	1
39.713	3.247	7.406	-32.483	48.984	102.702	127.438	1
39.813	3.247	7.406	-32.483	48.984	102.702	127.438	1
39.907	3.247	7.406	-32.483	48.984	102.702	127.438	1
40.013	3.247	7.406	-32.483	48.984	102.702	127.438	1
40.113	3.247	7.406	-32.483	48.984	102.702	127.438	1
40.208	3.247	7.406	-32.483	48.984	102.702	127.438	1
40.314	3.247	7.406	-32.483	48.984	102.702	127.438	1
40.414	3.247	7.406	-32.483	48.984	102.702	127.438	1
40.514	3.247	7.406	-32.483	48.984	102.702	127.438	1
40.608	3.247	7.406	-32.483	48.984	102.702	127.438	1
40.715	3.247	7.406	-32.483	48.984	102.702	127.438	1
40.815	3.247	7.406	-32.483	48.984	102.702	127.438	1
40.915	3.247	7.406	-32.483	48.984	102.702	127.438	1
41.007	3.247	7.406	-32.483	48.984	102.702	127.438	1
41.115	3.247	7.406	-32.483	48.984	102.702	127.438	1
41.212	3.247	7.406	-32.483	48.984	102.702	127.438	1
41.316	3.247	7.406	-32.483	48.984	102.702	127.438	1
41.416	3.247	7.406	-32.483	48.984	102.702	127.438	1
41.516	3.247	7.406	-32.483	48.984	102.702	127.438	1
41.616	3.247	7.406	-32.483	48.984	102.702	127.438	1
41.710	3.247	7.406	-32.483	48.984	102.702	127.438	1
41.817	3.247	7.406	-32.483	48.984	102.702	127.438	1
41.917	3.247	7.406	-32.483	48.984	102.702	127.438	1
42.015	3.247	7.406	-32.483	48.984	102.702	127.438	1
42.117	3.247	7.406	-32.483	48.984	102.702	127.438	1
42.218	3.247	7.406	-32.483	48.984	102.702	127.438	1
42.318	3.247	7.406	-32.483	48.984	102.702	127.438	1
42.418	3.247	7.406	-32.483	48.984	102.702	127.438	1
42.506	3.247	7.406	-32.483	48.984	102.702	127.438	1
42.618	3.247	7.406	-32.483	48.984	102.702	127.438	1
42.708	3.247	7.406	-32.483	48.984	102.702	127.438	1
42.819	3.247	7.406	-32.483	48.984	102.702	127.438	1
42.907	3.247	7.406	-32.483	48.984	102.702	127.438	1
43.019	3.247	7.406	-32.483	48.984	102.702	127.438	1
43.115	3.247	7.406	-32.483	48.984	102.702	127.438	1
43.220	3.247	7.406	-32.483	48.984	102.702	127.438	1
43.319	3.247	7.406	-32.483	48.984	102.702	127.438	1
43.407	3.247	7.406	-32.483	48.984	102.702	127.438	1
43.520	3.247	7.406	-32.483	48.984	102.702	127.438	1
43.610	3.247	7.406	-32.483	48.984	102.702	127.438	1
43.721	3.247	7.406	-32.483	48.984	102.702	127.438	1
43.814	3.247	7.406	-32.483	48.984	102.702	127.438	1
43.921	3.247	7.406	-32.483	48.984	102.702	127.438	1
44.021	3.247	7.406	-32.483	48.984	102.702	127.438	1
44.121	3.247	7.406	-32.483	48.984	102.702	127.438	1
44.222	3.247	7.406	-32.483	48.984	102.702	127.438	1
44.305	3.247	7.406	-32.483	48.984	102.702	127.438	1
44.405	3.247	7.406	-32.483	48.984	102.702	127.438	1
44.506	3.247	7.406	-32.483	48.984	102.702	127.438	1
44.606	3.247	7.406	-32.483	48.984	102.702	127.438	1
44.706	3.247	7.406	-32.483	48.984	102.702	127.438	1
44.806	3.247	7.406	-32.483	48.984	102.702	127.438	1
44.906	3.247	7.406	-32.483	48.984	102.702	127.438	1
45.006	3.247	7.406	-32.483	48.984	102.702	127.438	1
45.107	3.247	7.406	-32.483	48.984	102.702	127.438	1
45.207	3.247	7.406	-32.483	48.984	102.702	127.438	1
45.307	3.247	7.406	-32.483	48.984	102.702	127.438	1
45.407	3.247	7.406	-32.483	48.984	102.702	127.438	1
45.508	3.247	7.406	-32.483	48.984	102.702	127.438	1
45.606	3.247	7.406	-32.483	48.984	102.702	127.438	1
45.708	3.247	7.406	-32.483	48.984	102.702	127.438	1
45.808	3.247	7.406	-32.483	48.984	102.702	127.438	1
45.908	3.247	7.406	-32.483	48.984	102.702	127.438	1
46.009	3.247	7.406	-32.483	48.984	102.702	127.438	1
46.109	3.247	7.406	-32.483	48.984	102.702	127.438	1
46.207	3.247	7.406	-32.483	48.984	102.702	127.438	1
46.309	3.247	7.406	-32.483	48.984	102.702	127.438	1
46.409	3.247	7.406	-32.483	48.984	102.702	127.438	1
46.510	3.247	7.406	-32.483	48.984	102.702	127.438	1
46.610	3.247	7.406	-32.483	48.984	102.702	127.438	1
46.710	3.247	7.406	-32.483	48.984	102.702	127.438	1
46.810	3.247	7.406	-32.483	48.984	102.702	127.438	1
46.910	3.247	7.406	-32.483	48.984	102.702	127.438	1
47.011	3.247	7.406	-32.483	48.984	102.702	127.438	1
47.110	3.247	7.406	-32.483	48.984	102.702	127.438	1
47.211	3.247	7.406	-32.483	48.984	102.702	127.438	1
47.311	3.247	7.406	-32.483	48.984	102.702	127.438	1
47.411	3.247	7.406	-32.483	48.984	102.702	127.438	1
47.512	3.247	7.406	-32.483	48.984	102.702	127.438	1
47.612	3.247	7.406	-32.483	48.984	102.702	127.438	1
47.711	3.247	7.406	-32.483	48.984	102.702	127.438	1
47.811	3.247	7.406	-32.483	48.984	102.702	127.438	1
47.912	3.247	7.406	-32.483	48.984	102.702	127.438	1
48.013	3.247	7.406	-32.483	48.984	102.702	127.438	1
48.113	3.247	7.406	-32.483	48.984	102.702	127.438	1
48.206	3.247	7.406	-32.483	48.984	102.702	127.438	1
48.307	3.247	7.406	-32.483	48.984	102.702	127.438	1
48.407	3.247	7.406	-32.483	48.984	102.702	127.438	1
48.506	3.247	7.406	-32.483	48.984	102.702	127.438	1
48.607	3.247	7.406	-32.483	48.984	102.702	127.438	1
48.714	3.247	7.406	-32.483	48.984	102.702	127.438	1
48.814	3.247	7.406	-32.483	48.984	102.702	127.438	1
48.914	3.247	7.406	-32.483	48.984	102.702	127.438	1
49.015	3.247	7.406	-32.483	48.984	102.702	127.438	1
49.115	3.247	7.406	-32.483	48.984	102.702	127.438	1
49.215	3.247	7.406	-32.483	48.984	102.702	127.438	1
49.315	3.247	7.406	-32.483	48.984	102.702	127.438	1
49.415	3.247	7.406	-32.483	48.984	102.702	127.438	1
49.516	3.247	7.406	-32.483	48.984	102.702	127.438	1
49.616	3.247	7.406	-32.483	48.984	102.702	127.438	1
49.716	3.247	7.406	-32.483	48.984	102.702	127.438	1
49.816	3.247	7.406	-32.483	48.984	102.702	127.438	1
49.915	3.247	7.406	-32.483	48.984	102.702	127.438	1
50.016	3.247	7.406	-32.483	48.984	102.702	127.438	1
50.111	3.247	7.406	-32.483	48.984	102.702	127.438	1
50.211	3.247	7.406	-32.483	48.984	102.702	127.438	1
50.311	3.247	7.406	-32.483	48.984	102.702	127.438	1
50.406	3.247	7.406	-32.483	48.984	102.702	127.438	1
50.507	3.247	7.406	-32.483	48.984	102.702	127.438	1
50.618	3.247	7.406	-32.483	48.984	102.702	127.438	1
50.718	3.247	7.406	-32.483	48.984	102.702	127.438	1
50.818	3.247	7.406	-32.483	48.984	102.702	127.438	1
50.918	3.247	7.406	-32.483	48.984	102.702	127.438	1
51.019	3.247	7.406	-32.483	48.984	102.702	127.438	1
51.119	3.247	7.406	-32.483	48.984	102.702	127.438	1
51.219	3.247	7.406	-32.483	48.984	102.702	127.438	1
51.314	3.247	7.406	-32.483	48.984	102.702	127.438	1
51.411	3.247	7.406	-32.483	48.984	102.702	127.438	1
51.511	3.247	7.406	-32.483	48.984	102.702	127.438	1
51.607	3.247	7.406	-32.483	48.984	102.702	127.438	1
51.720	3.247	7.406	-32.483	48.984	102.702	127.438	1
51.820	3.247	7.406	-32.483	48.984	102.702	127.438	1
51.920	3.247	7.406	-32.483	48.984	102.702	127.438	1
52.021	3.247	7.406	-32.483	48.984	102.702	127.438	1
52.115	3.247	7.406	-32.483	48.984	102.702	127.438	1
52.211	3.247	7.406	-32.483	48.984	102.702	127.438	1
52.307	3.247	7.406	-32.483	48.984	102.702	127.438	1
52.421	3.247	7.406	-32.483	48.984	102.702	127.438	1
52.522	3.247	7.406	-32.483	48.984	102.702	127.438	1
52.605	3.247	7.406	-32.483	48.984	102.702	127.438	1
52.705	3.247	7.406	-32.483	48.984	102.702	127.438	1
52.805	3.247	7.406	-32.483	48.984	102.702	127.438	1
52.906	3.247	7.406	-32.483	48.984	102.702	127.438	1
53.006	3.247	7.406	-32.483	48.984	102.702	127.438	1
53.106	3.247	7.406	-32.483	48.984	102.702	127.438	1
53.206	3.247	7.406	-32.483	48.984	102.702	127.438	1
53.306	3.247	7.406	-32.483	48.984	102.702	127.438	1
53.407	3.247	7.406	-32.483	48.984	102.702	127.438	1
53.507	3.247	7.406	-32.483	48.984	102.702	127.438	1
53.607	3.247	7.406	-32.483	48.984	102.702	127.438	1
53.707	3.247	7.406	-32.483	49.176	102.927	127.608	1
53.807	3.247	7.406	-32.483	50.909	105.067	129.249	1
53.908	3.247	7.406	-32.483	54.836	110.826	133.844	1
54.008	3.247	7.406	-32.483	59.227	119.626	141.237	1
54.108	3.247	7.406	-32.483	64.349	137.644	157.159	1
54.208	3.247	7.406	-32.483	66.284	154.717	172.694	1
54.308	3.247	7.406	-32.483	66.140	173.063	189.505	1
54.407	3.247	7.406	-32.483	62.794	194.873	209.237	1
54.509	3.247	7.406	-32.483	61.276	200.141	213.891	1
54.609	3.247	7.406	-32.483	53.684	216.396	227.654	1
54.709	3.247	7.406	-32.483	47.202	224.663	234.042	1
54.809	3.247	7.406	-32.483	39.740	231.483	238.747	1
54.907	3.247	7.406	-32.483	32.516	236.587	241.764	1
55.010	3.247	7.406	-32.483	27.405	239.652	243.297	1
55.110	3.247	7.406	-32.483	19.916	243.619	244.892	1
55.210	3.247	7.406	-32.483	14.973	246.006	245.609	1
55.310	3.247	7.406	-32.483	5.033	250.492	246.391	1
55.411	3.247	7.406	-32.483	0.231	252.588	246.488	1
55.511	3.247	7.406	-32.483	357.258	253.882	246.459	1
55.611	3.247	7.406	-32.483	356.941	254.021	246.452	1
55.711	3.247	7.406	-32.483	356.941	254.021	246.452	1
55.810	3.247	7.406	-32.483	356.941	254.021	246.452	1
55.912	3.247	7.406	-32.483	356.941	254.021	246.452	1
56.012	3.247	7.406	-32.483	356.941	254.021	246.452	1
56.112	3.247	7.406	-32.483	357.064	254.304	246.438	1
56.212	3.247	7.406	-32.483	358.114	256.706	246.337	1
56.306	3.247	7.406	-32.483	0.323	261.737	246.268	1
56.413	3.247	7.406	-32.483	2.399	266.471	246.380	1
56.513	3.247	7.406	-32.483	5.580	273.841	246.894	1
56.613	3.247	7.406	-32.483	7.693	278.894	247.479	1
56.713	3.247	7.406	-32.483	10.617	286.236	248.649	1
56.813	3.247	7.406	-32.483	11.659	288.992	249.181	1
56.914	3.247	7.406	-32.483	11.922	289.699	249.326	1
57.014	3.247	7.406	-32.483	11.922	289.699	249.326	1
57.114	3.247	7.406	-32.483	12.213	290.493	249.492	1
57.214	3.247	7.406	-32.483	13.180	293.185	250.083	1
57.314	3.247	7.406	-32.483	13.368	293.718	250.206	1
57.415	3.247	7.406	-32.483	13.368	293.718	250.206	1
57.515	3.247	7.406	-32.483	13.368	293.718	250.206	1
57.615	2.763	7.281	-32.270	13.368	293.718	250.206	1
57.715	1.794	7.029	-31.844	13.368	293.718	250.206	1
57.815	1.080	6.844	-31.531	13.368	293.718	250.206	1
57.907	0.339	6.651	-31.205	13.368	293.718	250.206	1
58.007	0.339	6.651	-31.205	13.985	295.505	250.628	1
58.116	0.339	6.651	-31.205	14.791	297.909	251.226	1
58.211	0.339	6.651	-31.205	17.364	306.333	253.563	1
58.311	0.339	6.651	-31.205	19.458	314.471	256.138	1
58.411	0.339	6.651	-31.205	20.868	321.119	258.432	1
58.511	-0.096	6.358	-30.599	21.576	325.078	259.865	1
58.617	-0.378	6.156	-30.178	21.806	326.501	260.391	1
58.707	-0.904	5.775	-29.383	21.809	326.517	260.397	1
58.806	-1.311	5.480	-28.768	21.809	326.517	260.397	1
58.911	-1.738	5.170	-28.122	21.809	326.517	260.397	1
59.007	-2.131	4.885	-27.529	21.809	326.517	260.397	1
59.118	-2.411	4.683	-27.107	21.756	326.184	260.274	1
59.218	-2.975	4.311	-26.340	21.065	322.167	258.807	1
59.318	-3.460	4.045	-25.805	19.899	316.416	256.793	1
59.419	-3.978	3.809	-25.343	18.175	309.304	254.470	1
59.519	-4.621	3.583	-24.925	15.873	301.297	252.122	1
59.614	-5.495	3.348	-24.523	12.625	291.628	249.736	1
59.711	-6.218	3.204	-24.306	9.868	284.306	248.305	1
59.811	-7.002	3.099	-24.188	6.836	276.823	247.217	1
59.920	-7.546	3.049	-24.159	4.694	271.765	246.708	1
60.020	-8.531	3.015	-24.236	0.739	262.684	246.277	1
60.120	-9.250	3.032	-24.389	358.128	256.739	246.335	1
60.220	-9.958	3.073	-24.595	356.254	252.438	246.546	1
60.306	-10.855	3.150	-24.914	355.130	249.828	246.742	1
60.421	-11.544	3.213	-25.170	355.040	249.619	246.760	1
60.521	-12.264	3.280	-25.438	355.040	249.619	246.760	1
60.619	-13.189	3.366	-25.781	355.040	249.619	246.760	1
60.710	-13.875	3.429	-26.036	355.040	249.619	246.760	1
60.807	-14.595	3.492	-26.306	355.725	249.324	246.784	1
60.922	-15.274	3.521	-26.574	358.444	248.158	246.843	1
61.005	-15.718	3.517	-26.759	1.113	247.016	246.848	1
61.105	-16.639	3.397	-27.197	9.637	243.329	246.501	1
61.206	-17.258	3.209	-27.540	16.342	240.291	245.817	1
61.306	-17.939	2.890	-27.970	24.220	236.404	244.466	1
61.406	-17.939	2.890	-27.970	31.366	232.386	242.588	1
61.506	-17.939	2.890	-27.970	36.424	229.103	240.755	1
61.606	-17.939	2.890	-27.970	45.960	221.255	235.565	1
61.707	-17.939	2.890	-27.970	52.586	213.514	229.684	1
61.807	-17.939	2.890	-27.970	56.800	206.700	224.118	1
61.907	-17.939	2.890	-27.970	61.858	194.433	213.546	1
62.007	-17.939	2.890	-27.970	65.537	177.489	198.327	1
62.107	-17.939	2.890	-27.970	66.852	157.983	180.451	1
62.208	-17.939	2.890	-27.970	66.292	144.281	167.869	1
62.308	-17.939	2.890	-27.970	62.211	121.709	147.477	1
62.408	-17.939	2.890	-27.970	57.042	108.745	136.268	1
62.508	-17.939	2.890	-27.970	51.377	99.843	129.034	1
62.608	-17.939	2.890	-27.970	44.904	92.712	123.711	1
62.709	-17.939	2.890	-27.970	40.571	88.965	121.166	1
62.807	-17.939	2.890	-27.970	29.095	81.255	116.735	1
62.906	-17.939	2.890	-27.970	21.918	77.398	115.070	1
63.009	-17.939	2.890	-27.970	17.225	75.109	114.303	1
63.109	-17.939	2.890	-27.970	7.889	70.889	113.382	1
63.210	-17.939	2.890	-27.970	0.802	67.835	113.150	1
63.310	-17.939	2.890	-27.970	353.754	66.283	113.176	1
63.410	-17.939	2.890	-27.970	347.461	67.787	112.821	1
63.506	-17.939	2.890	-27.970	341.112	74.261	110.911	1
63.610	-17.939	2.890	-27.970	338.047	81.815	108.243	1
63.711	-17.939	2.890	-27.970	335.929	89.450	105.254	1
63.811	-17.939	2.890	-27.970	334.676	94.936	102.960	1
63.911	-17.939	2.890	-27.970	332.809	106.164	97.980	1
64.011	-17.939	2.890	-27.970	332.008	114.774	93.985	1
64.111	-17.939	2.890	-27.970	330.278	121.797	90.589	1
64.207	-17.939	2.890	-27.970	324.690	127.338	87.560	1
64.312	-17.939	2.890	-27.970	318.193	128.791	86.653	1
64.412	-17.939	2.890	-27.970	310.495	129.482	86.157	1
64.512	-17.939	2.890	-27.970	304.740	133.159	83.184	1
64.612	-17.939	2.890	-27.970	302.190	137.934	79.165	1
64.713	-17.939	2.890	-27.970	301.942	153.121	66.167	1
64.807	-17.939	2.890	-27.970	306.812	168.273	53.618	1
64.913	-17.939	2.890	-27.970	310.034	174.692	48.585	1
65.013	-17.939	2.890	-27.970	318.763	182.310	43.166	1
65.113	-17.939	2.890	-27.970	327.508	184.592	41.948	1
65.214	-17.939	2.890	-27.970	337.174	184.928	41.907	1
65.307	-17.939	2.890	-27.970	349.326	182.487	42.821	1
65.414	-17.939	2.890	-27.970	356.552	179.151	43.317	1
65.514	-17.939	2.890	-27.970	2.512	174.642	43.360	1
65.614	-17.939	2.890	-27.970	6.467	170.419	43.029	1
65.706	-17.833	2.810	-28.428	9.640	166.958	42.544	1
65.815	-17.661	2.678	-29.132	10.478	166.028	42.382	1
65.915	-17.458	2.547	-29.894	9.092	164.750	42.164	1
66.015	-17.325	2.480	-30.351	7.538	163.333	41.960	1
66.115	-17.325	2.480	-30.351	0.246	156.824	41.516	1
66.206	-17.325	2.480	-30.351	354.758	151.948	41.729	1
66.316	-17.325	2.480	-30.351	350.939	148.491	42.160	1
66.416	-17.325	2.480	-30.351	343.627	141.531	43.697	1
66.516	-17.001	2.656	-30.706	339.888	137.691	44.900	1
66.616	-16.484	2.953	-31.240	337.549	135.150	45.823	1
66.717	-15.958	3.265	-31.759	337.076	134.621	46.027	1
66.817	-15.624	3.464	-32.089	337.076	134.621	46.027	1
66.917	-14.931	3.876	-32.773	337.076	134.621	46.027	1
67.017	-14.422	4.169	-33.266	337.784	133.885	46.309	1
67.117	-13.870	4.453	-33.772	340.075	131.575	47.140	1
67.214	-13.097	4.738	-34.376	345.808	126.168	48.729	1
67.310	-12.457	4.868	-34.779	351.576	121.102	49.724	1
67.411	-11.748	4.928	-35.150	357.730	115.915	50.209	1
67.518	-11.748	4.928	-35.150	3.357	111.229	50.164	1
67.618	-11.748	4.928	-35.150	5.339	109.567	50.038	1
67.719	-11.748	4.928	-35.150	3.401	111.192	50.162	1
67.818	-11.748	4.928	-35.150	358.419	115.341	50.228	1
67.919	-11.748	4.928	-35.150	354.867	118.310	50.054	1
68.015	-11.748	4.928	-35.150	346.825	125.253	48.946	1
68.111	-11.748	4.928	-35.150	341.094	130.578	47.471	1
68.206	-11.748	4.928	-35.150	335.536	136.263	45.367	1
68.320	-11.748	4.928	-35.150	330.199	142.476	42.528	1
68.420	-11.748	4.928	-35.150	326.808	146.992	40.167	1
68.520	-11.748	4.928	-35.150	320.764	156.813	34.347	1
68.618	-11.748	4.928	-35.150	315.588	168.604	26.461	1
68.721	-11.748	4.928	-35.150	313.712	175.454	21.573	1
68.821	-11.748	4.928	-35.150	314.682	186.726	13.371	1
68.921	-11.748	4.928	-35.150	319.136	192.469	9.345	1
69.021	-11.748	4.928	-35.150	326.001	195.329	7.555	1
69.118	-11.748	4.928	-35.150	335.840	196.751	6.861	1
69.211	-11.748	4.928	-35.150	343.156	197.668	6.539	1
69.305	-11.748	4.928	-35.150	350.469	198.515	6.346	1
69.405	-11.748	4.928	-35.150	357.754	199.324	6.263	1
69.505	-11.748	4.928	-35.150	2.347	199.828	6.263	1
69.606	-11.748	4.928	-35.150	8.737	200.536	6.331	1
69.706	-11.748	4.928	-35.150	11.844	199.405	6.123	1
69.806	-11.748	4.928	-35.150	12.470	196.080	5.420	1
69.906	-11.748	4.928	-35.150	12.912	190.725	4.242	1
70.006	-11.748	4.928	-35.150	13.335	183.448	2.588	1
70.107	-11.748	4.928	-35.150	13.576	173.609	0.293	1
70.207	-11.748	4.928	-35.150	13.500	166.058	358.523	1
70.307	-11.748	4.928	-35.150	13.197	158.474	356.770	1
70.407	-11.748	4.928	-35.150	12.440	148.319	354.511	1
70.507	-11.748	4.928	-35.150	11.633	140.822	352.946	1
70.608	-11.748	4.928	-35.150	10.688	133.747	351.574	1
70.708	-11.748	4.928	-35.150	9.083	123.801	349.863	1
70.808	-11.748	4.928	-35.150	7.724	116.519	348.797	1
70.908	-11.748	4.928	-35.150	6.232	109.237	347.911	1
71.008	-11.748	4.928	-35.150	4.132	99.764	347.053	1
71.109	-11.748	4.928	-35.150	2.321	92.021	346.617	1
71.209	-11.748	4.928	-35.150	0.603	84.857	346.434	1
71.309	-11.748	4.928	-35.150	359.488	79.173	346.442	1
71.409	-11.748	4.928	-35.150	359.909	76.160	346.475	1
71.509	-11.748	4.928	-35.150	6.197	71.511	346.347	1
71.610	-11.748	4.928	-35.150	12.573	69.926	346.088	1
71.710	-11.748	4.928	-35.150	16.048	69.296	345.932	1
71.810	-11.748	4.928	-35.150	20.554	71.905	346.739	1
71.910	-11.748	4.928	-35.150	22.102	77.361	348.734	1
72.010	-11.748	4.928	-35.150	23.328	85.061	351.711	1
72.111	-11.748	4.928	-35.150	24.405	96.160	356.214	1
72.211	-11.748	4.928	-35.150	24.675	104.258	359.582	1
72.311	-11.748	4.928	-35.150	24.529	111.981	2.801	1
72.406	-11.748	4.928	-35.150	23.661	122.786	7.224	1
72.511	-11.748	4.928	-35.150	22.472	131.075	10.476	1
72.612	-11.748	4.928	-35.150	20.871	139.181	13.474	1
72.712	-11.748	4.928	-35.150	19.004	146.710	16.045	1
72.812	-11.748	4.928	-35.150	17.514	151.884	17.668	1
72.911	-11.748	4.928	-35.150	13.370	164.110	20.937	1
73.012	-11.748	4.928	-35.150	10.748	170.858	22.348	1
73.113	-11.748	4.928	-35.150	9.330	174.310	22.950	1
73.213	-11.748	4.928	-35.150	7.465	178.690	23.590	1
73.313	-11.748	4.928	-35.150	7.093	179.547	23.699	1
73.413	-11.748	4.928	-35.150	7.389	178.865	23.613	1
73.513	-11.748	4.928	-35.150	9.149	174.740	23.019	1
73.614	-11.748	4.928	-35.150	11.472	169.049	22.000	1
73.714	-11.748	4.928	-35.150	14.208	161.823	20.391	1
73.814	-11.748	4.928	-35.150	16.750	154.339	18.391	1
73.914	-11.748	4.928	-35.150	18.226	149.484	16.931	1
74.010	-11.748	4.928	-35.150	21.479	136.353	12.453	1
74.115	-11.748	4.928	-35.150	22.878	128.580	9.514	1
74.215	-11.748	4.928	-35.150	23.633	123.031	7.322	1
74.315	-11.748	4.928	-35.150	24.377	114.812	3.974	1
74.414	-11.748	4.928	-35.150	24.570	110.981	2.386	1
74.515	-11.748	4.928	-35.150	24.593	110.340	2.119	1
74.616	-11.748	4.928	-35.150	24.593	110.340	2.119	1
74.716	-11.748	4.928	-35.150	24.593	110.340	2.119	1
74.806	-11.748	4.928	-35.150	24.593	110.340	2.119	1
74.916	-11.748	4.928	-35.150	23.942	110.314	2.108	1
75.016	-11.748	4.928	-35.150	20.999	110.198	2.064	1
75.117	-11.748	4.928	-35.150	17.497	110.065	2.020	1
75.214	-11.748	4.928	-35.150	16.407	110.025	2.009	1
75.306	-11.748	4.928	-35.150	16.407	110.025	2.009	1
75.417	-11.748	4.928	-35.150	16.407	110.025	2.009	1
75.517	-11.748	4.928	-35.150	17.149	110.052	2.017	1
75.618	-11.748	4.928	-35.150	18.373	110.098	2.030	1
75.715	-11.748	4.928	-35.150	18.430	110.100	2.031	1
75.807	-11.748	4.928	-35.150	16.867	110.042	2.014	1
75.918	-11.748	4.928	-35.150	14.898	109.970	1.994	1
76.018	-11.748	4.928	-35.150	7.134	109.699	1.942	1
76.110	-11.748	4.928	-35.150	4.650	109.614	1.933	1
76.219	-11.748	4.928	-35.150	3.981	109.592	1.932	1
76.319	-11.748	4.928	-35.150	3.893	112.100	2.104	1
76.419	-11.748	4.928	-35.150	3.723	116.450	2.393	1
76.519	-11.748	4.928	-35.150	3.445	122.603	2.778	1
76.610	-11.748	4.928	-35.150	2.899	132.806	3.344	1
76.720	-11.748	4.928	-35.150	2.446	140.172	3.688	1
76.820	-11.748	4.928	-35.150	1.931	147.853	3.982	1
76.918	-11.748	4.928	-35.150	1.242	157.404	4.247	1
77.010	-11.748	4.928	-35.150	0.689	164.743	4.370	1
77.121	-11.748	4.928	-35.150	0.123	172.090	4.423	1
77.221	-11.748	4.928	-35.150	359.556	179.429	4.402	1
77.315	-11.748	4.928	-35.150	358.827	189.032	4.266	1
77.407	-11.748	4.928	-35.150	358.876	188.376	4.279	1
77.521	-11.748	4.928	-35.150	359.094	185.482	4.331	1
77.618	-11.748	4.928	-35.150	359.608	178.751	4.407	1
77.705	-11.748	4.928	-35.150	359.986	173.859	4.424	1
77.805	-11.748	4.928	-35.150	0.529	166.828	4.393	1
77.905	-11.748	4.928	-35.150	1.159	158.528	4.270	1
78.006	-11.748	4.928	-35.150	1.852	148.975	4.019	1
78.106	-11.748	4.928	-35.150	2.373	141.307	3.736	1
78.206	-11.748	4.928	-35.150	2.833	133.928	3.400	1
78.306	-11.748	4.928	-35.150	3.325	125.016	2.920	1
78.407	-11.748	4.928	-35.150	5.280	120.500	2.639	1
78.507	-11.748	4.928	-35.150	8.873	118.084	2.383	1
78.607	-11.748	4.928	-35.150	14.575	117.955	2.374	1
78.707	-11.748	4.928	-35.150	19.561	118.174	2.439	1
78.806	-11.748	4.928	-35.150	30.892	117.909	2.285	1
78.908	-11.748	4.928	-35.150	34.725	114.229	0.337	1
79.008	-11.748	4.928	-35.150	36.073	110.613	358.256	1
79.108	-11.748	4.928	-35.150	35.549	99.479	351.727	1
79.208	-11.748	4.928	-35.150	34.176	90.713	346.710	1
79.308	-11.748	4.928	-35.150	32.176	82.186	342.037	1
79.409	-11.748	4.928	-35.150	28.461	71.582	336.649	1
79.509	-11.748	4.928	-35.150	24.012	66.755	334.428	1
79.609	-11.748	4.928	-35.150	18.045	64.855	333.662	1
79.709	-11.748	4.928	-35.150	11.206	66.569	334.030	1
79.806	-11.748	4.928	-35.150	3.653	70.125	334.484	1
79.910	-11.748	4.928	-35.150	359.955	71.888	334.540	1
80.010	-11.748	4.928	-35.150	358.582	72.750	334.527	1
80.110	-11.748	4.928	-35.150	358.935	73.872	334.502	1
80.210	-11.748	4.928	-35.150	1.199	78.617	334.508	1
80.306	-11.748	4.928	-35.150	4.994	86.652	334.943	1
80.411	-11.748	4.928	-35.150	7.155	91.351	335.441	1
80.511	-11.748	4.928	-35.150	11.166	100.530	336.906	1
80.611	-11.748	4.928	-35.150	14.086	107.817	338.501	1
80.711	-11.748	4.928	-35.150	16.665	114.940	340.393	1
80.810	-11.748	4.928	-35.150	19.838	125.197	343.614	1
80.910	-11.748	4.928	-35.150	21.906	133.493	346.575	1
81.007	-11.748	4.928	-35.150	23.492	141.679	349.738	1
81.106	-11.748	4.928	-35.150	24.669	150.288	353.257	1
81.212	-11.748	4.928	-35.150	25.168	155.951	355.645	1
81.312	-11.748	4.928	-35.150	25.516	166.899	0.342	1
81.413	-11.748	4.928	-35.150	25.225	175.395	3.988	1
81.513	-11.748	4.928	-35.150	24.548	183.015	7.199	1
81.610	-11.748	4.928	-35.150	24.637	182.216	6.866	1
81.706	-11.748	4.928	-35.150	24.978	178.718	5.398	1
81.813	-11.748	4.928	-35.150	25.342	173.321	3.102	1
81.914	-11.748	4.928	-35.150	25.515	165.132	359.581	1
82.014	-11.748	4.928	-35.150	25.368	159.455	357.141	1
82.114	-11.748	4.928	-35.150	24.473	148.554	352.536	1
82.210	-11.748	4.928	-35.150	22.742	137.517	348.104	1
82.314	-11.748	4.928	-35.150	21.681	132.496	346.205	1
82.415	-11.748	4.928	-35.150	18.906	121.951	342.537	1
82.515	-11.748	4.928	-35.150	16.560	114.633	340.305	1
82.615	-11.748	4.928	-35.150	13.844	107.186	338.349	1
82.710	-11.748	4.928	-35.150	10.023	97.835	336.410	1
82.815	-11.748	4.928	-35.150	7.016	91.044	335.403	1
82.916	-11.748	4.928	-35.150	3.764	84.027	334.742	1
83.016	-11.748	4.928	-35.150	0.611	77.386	334.489	1
83.114	-11.748	4.928	-35.150	356.355	68.436	334.726	1
83.215	-11.748	4.928	-35.150	352.964	61.121	335.408	1
83.306	-11.748	4.928	-35.150	349.975	54.369	336.411	1
83.417	-11.748	4.928	-35.150	347.827	49.241	337.399	1
83.506	-11.748	4.928	-35.150	343.981	39.132	339.868	1
83.606	-11.748	4.928	-35.150	341.379	31.206	342.232	1
83.710	-11.748	4.928	-35.150	339.032	22.707	345.116	1
83.810	-11.748	4.928	-35.150	337.189	14.337	348.242	1
83.918	-11.748	4.928	-35.150	336.081	7.806	350.834	1
84.018	-11.748	4.928	-35.150	335.055	359.103	354.439	1
84.118	-11.748	4.928	-35.150	334.647	353.087	356.998	1
84.218	-11.748	4.928	-35.150	334.674	338.583	3.233	1
84.318	-11.748	4.928	-35.150	335.070	332.939	5.631	1
84.419	-11.748	4.928	-35.150	336.165	323.845	9.392	1
84.514	-11.748	4.928	-35.150	338.206	312.994	13.611	1
84.610	-11.748	4.928	-35.150	340.205	305.041	16.439	1
84.707	-11.748	4.928	-35.150	342.544	297.307	18.913	1
84.819	-11.748	4.928	-35.150	345.046	290.125	20.920	1
84.919	-11.748	4.928	-35.150	346.935	285.191	22.115	1
85.014	-11.748	4.928	-35.150	351.729	273.834	24.226	1
85.106	-11.748	4.928	-35.150	354.795	267.107	25.017	1
85.220	-11.748	4.928	-35.150	356.838	262.749	25.335	1
85.318	-11.748	4.928	-35.150	2.075	251.751	25.439	1
85.411	-11.748	4.928	-35.150	5.220	245.071	25.014	1
85.521	-11.748	4.928	-35.150	7.364	240.396	24.501	1
85.621	-11.748	4.928	-35.150	11.370	231.192	22.999	1
85.721	-11.748	4.928	-35.150	14.398	223.573	21.297	1
85.821	-11.748	4.928	-35.150	17.050	216.130	19.277	1
85.922	-11.748	4.928	-35.150	19.428	208.472	16.876	1
86.005	-11.748	4.928	-35.150	20.844	203.203	15.061	1
86.105	-11.748	4.928	-35.150	23.159	192.456	11.024	1
86.205	-11.748	4.928	-35.150	24.411	184.166	7.676	1
86.306	-11.748	4.928	-35.150	25.181	176.077	4.279	1
86.406	-11.748	4.928	-35.150	25.516	165.356	359.677	1
86.506	-11.748	4.928	-35.150	25.303	158.136	356.576	1
86.606	-11.748	4.928	-35.150	24.919	152.818	354.318	1
86.706	-11.748	4.928	-35.150	24.616	149.801	353.054	1
86.806	-11.498	4.702	-35.576	24.596	149.620	352.979	1
86.907	-11.234	4.463	-36.027	24.596	149.620	352.979	1
87.006	-10.763	4.036	-36.831	24.596	149.620	352.979	1
87.107	-10.527	3.824	-37.232	24.596	149.620	352.979	1
87.207	-10.304	3.621	-37.613	24.352	149.653	352.992	1
87.308	-10.304	3.621	-37.613	21.924	149.974	353.119	1
87.408	-10.304	3.621	-37.613	17.525	150.531	353.306	1
87.508	-10.304	3.621	-37.613	11.083	151.299	353.497	1
87.606	-10.304	3.621	-37.613	1.217	152.418	353.617	1
87.708	-10.304	3.621	-37.613	355.245	153.088	353.596	1
87.809	-10.304	3.621	-37.613	351.547	153.507	353.548	1
87.909	-10.304	3.621	-37.613	349.994	153.685	353.519	1
88.006	-10.095	3.708	-38.036	349.638	153.726	353.512	1
88.109	-9.776	3.840	-38.684	349.638	153.726	353.512	1
88.209	-9.552	3.932	-39.136	349.638	153.726	353.512	1
88.310	-9.144	4.107	-40.023	349.937	156.308	353.054	1
88.410	-9.047	4.152	-40.258	350.485	160.638	352.318	1
88.510	-9.047	4.152	-40.258	351.407	167.121	351.296	1
88.610	-9.047	4.152	-40.258	353.084	177.321	349.916	1
88.710	-9.047	4.152	-40.258	354.420	184.576	349.126	1
88.811	-9.047	4.152	-40.258	355.914	192.145	348.487	1
88.911	-9.047	4.152	-40.258	357.479	199.680	348.052	1
89.010	-9.047	4.152	-40.258	0.755	207.522	347.832	1
89.106	-9.047	4.152	-40.258	5.141	210.776	347.935	1
89.211	-9.047	4.152	-40.258	11.044	211.190	347.938	1
89.312	-9.047	4.152	-40.258	15.634	210.348	347.737	1
89.412	-9.047	4.152	-40.258	25.622	207.948	346.888	1
89.510	-9.047	4.152	-40.258	32.812	205.957	345.914	1
89.612	-9.047	4.152	-40.258	35.216	205.218	345.501	1
89.712	-9.380	3.560	-40.981	36.916	204.668	345.177	1
89.813	-9.628	3.125	-41.517	36.092	204.938	345.337	1
89.913	-9.729	2.957	-41.731	32.949	205.916	345.892	1
90.013	-9.729	2.957	-41.731	27.930	207.340	346.614	1
90.113	-9.729	2.957	-41.731	23.353	208.524	347.126	1
90.206	-9.729	2.957	-41.731	11.179	211.334	347.965	1
90.314	-9.729	2.957	-41.731	4.001	212.863	348.168	1
90.414	-9.873	2.961	-41.945	359.212	213.865	348.196	1
90.514	-10.417	3.049	-42.729	353.056	215.159	348.108	1
90.606	-10.989	3.206	-43.527	350.244	215.759	348.021	1
90.714	-11.265	3.289	-43.911	350.002	215.552	348.057	1
90.815	-11.785	3.462	-44.696	349.337	212.275	348.645	1
90.910	-11.915	3.511	-44.914	348.030	205.202	350.035	1
91.015	-11.915	3.511	-44.914	347.270	200.542	351.032	1
91.115	-11.915	3.511	-44.914	345.922	190.443	353.379	1
91.214	-11.915	3.511	-44.914	345.022	180.603	355.853	1
91.316	-11.915	3.511	-44.914	344.727	175.603	357.159	1
91.416	-11.915	3.511	-44.914	344.472	165.327	359.894	1
91.516	-11.915	3.511	-44.914	344.590	157.677	1.937	1
91.616	-11.915	3.511	-44.914	344.967	150.064	3.939	1
91.706	-11.915	3.511	-44.914	345.872	139.875	6.511	1
91.817	-11.915	3.511	-44.914	346.869	132.024	8.363	1
91.917	-11.915	3.511	-44.914	348.042	124.591	9.980	1
92.017	-11.915	3.511	-44.914	349.407	117.237	11.420	1
92.110	-11.915	3.511	-44.914	351.330	108.217	12.932	1
92.206	-11.915	3.511	-44.914	352.436	103.480	13.602	1
92.318	-11.915	3.511	-44.914	352.993	101.185	13.893	1
92.418	-11.915	3.511	-44.914	353.132	100.620	13.961	1
92.518	-11.915	3.511	-44.914	353.132	100.620	13.961	1
92.614	-11.915	3.511	-44.914	353.132	100.620	13.961	1
92.710	-11.915	3.511	-44.914	353.132	100.620	13.961	1
92.806	-11.915	3.511	-44.914	353.132	100.620	13.961	1
92.910	-11.915	3.511	-44.914	353.132	100.620	13.961	1
93.006	-11.915	3.511	-44.914	353.132	100.620	13.961	1
93.106	-11.915	3.511	-44.914	353.132	100.620	13.961	1
93.219	-11.915	3.511	-44.914	353.132	100.620	13.961	1
93.320	-11.915	3.511	-44.914	353.132	100.620	13.961	1
93.420	-11.915	3.511	-44.914	353.132	100.620	13.961	1
93.518	-11.915	3.511	-44.914	353.132	100.620	13.961	1
93.610	-11.915	3.511	-44.914	353.132	100.620	13.961	1
93.720	-11.915	3.511	-44.914	353.132	100.620	13.961	1
93.821	-11.915	3.511	-44.914	353.132	100.620	13.961	1
93.918	-11.915	3.511	-44.914	353.132	100.620	13.961	1
94.010	-11.915	3.511	-44.914	353.132	100.620	13.961	1
94.107	-11.915	3.511	-44.914	353.132	100.620	13.961	1
94.221	-11.915	3.511	-44.914	353.132	100.620	13.961	1
94.322	-11.915	3.511	-44.914	353.132	100.620	13.961	1
94.405	-11.915	3.511	-44.914	353.132	100.620	13.961	1
94.505	-11.915	3.511	-44.914	353.132	100.620	13.961	1
94.606	-11.915	3.511	-44.914	353.132	100.620	13.961	1
94.706	-11.915	3.511	-44.914	353.132	100.620	13.961	1
94.806	-11.915	3.511	-44.914	353.132	100.620	13.961	1
94.906	-11.915	3.511	-44.914	353.132	100.620	13.961	1
95.006	-11.915	3.511	-44.914	353.132	100.620	13.961	1
95.107	-11.915	3.511	-44.914	353.132	100.620	13.961	1
95.207	-11.915	3.511	-44.914	353.132	100.620	13.961	1
95.307	-11.915	3.511	-44.914	353.132	100.620	13.961	1
95.406	-11.915	3.511	-44.914	353.754	98.130	14.245	1
95.507	-11.915	3.511	-44.914	354.774	94.152	14.643	1
95.608	-11.915	3.511	-44.914	356.410	87.981	15.118	1
95.708	-11.915	3.511	-44.914	357.764	83.009	15.371	1
95.808	-11.915	3.511	-44.914	0.488	73.177	15.521	1
95.908	-11.915	3.511	-44.914	2.619	65.457	15.312	1
96.008	-11.915	3.511	-44.914	4.711	57.680	14.814	1
96.109	-11.915	3.511	-44.914	6.620	50.243	14.078	1
96.209	-11.915	3.511	-44.914	7.919	44.891	13.400	1
96.309	-11.915	3.511	-44.914	10.220	34.480	11.755	1
96.409	-11.915	3.511	-44.914	11.415	28.326	10.599	1
96.509	-11.915	3.511	-44.914	12.139	24.207	9.758	1
96.610	-11.915	3.511	-44.914	12.342	22.986	9.499	1
96.710	-11.915	3.511	-44.914	12.342	22.986	9.499	1
96.810	-11.915	3.511	-44.914	12.342	22.986	9.499	1
96.910	-11.915	3.511	-44.914	12.342	22.986	9.499	1
97.010	-11.915	3.511	-44.914	12.342	22.986	9.499	1
97.111	-11.915	3.511	-44.914	12.342	22.986	9.499	1
97.211	-11.915	3.511	-44.914	12.342	22.986	9.499	1
97.311	-11.915	3.511	-44.914	12.342	22.986	9.499	1
97.411	-11.915	3.511	-44.914	12.342	22.986	9.499	1
97.511	-11.915	3.511	-44.914	12.342	22.986	9.499	1
97.612	-11.915	3.511	-44.914	12.342	22.986	9.499	1
97.712	-11.915	3.511	-44.914	12.342	22.986	9.499	1
97.812	-11.915	3.511	-44.914	12.342	22.986	9.499	1
97.912	-11.915	3.511	-44.914	12.342	22.986	9.499	1
98.012	-11.915	3.511	-44.914	12.342	22.986	9.499	1
98.113	-11.915	3.511	-44.914	12.342	22.986	9.499	1
98.206	-11.915	3.511	-44.914	12.342	22.986	9.499	1
98.306	-11.915	3.511	-44.914	12.342	22.986	9.499	1
98.406	-11.915	3.511	-44.914	12.342	22.986	9.499	1
98.506	-11.915	3.511	-44.914	12.342	22.986	9.499	1
98.606	-11.915	3.511	-44.914	12.342	22.986	9.499	1
98.706	-11.915	3.511	-44.914	12.342	22.986	9.499	1
98.814	-11.915	3.511	-44.914	12.342	22.986	9.499	1
98.906	-11.915	3.511	-44.914	12.342	22.986	9.499	1
99.006	-11.915	3.511	-44.914	12.342	22.986	9.499	1
99.106	-11.915	3.511	-44.914	12.342	22.986	9.499	1
99.206	-11.915	3.511	-44.914	12.342	22.986	9.499	1
99.306	-11.915	3.511	-44.914	12.342	22.986	9.499	1
99.415	-11.915	3.511	-44.914	12.342	22.986	9.499	1
99.510	-11.915	3.511	-44.914	12.342	22.986	9.499	1
99.606	-11.915	3.511	-44.914	12.342	22.986	9.499	1
99.706	-11.915	3.511	-44.914	12.342	22.986	9.499	1
99.806	-11.915	3.511	-44.914	12.342	22.986	9.499	1
99.906	-11.915	3.511	-44.914	12.342	22.986	9.499	1
100.007	-11.915	3.511	-44.914	12.342	22.986	9.499	1
100.117	-11.915	3.511	-44.914	12.342	22.986	9.499	1
100.217	-11.915	3.511	-44.914	12.342	22.986	9.499	1
100.317	-11.915	3.511	-44.914	12.342	22.986	9.499	1
100.417	-11.915	3.511	-44.914	12.342	22.986	9.499	1
100.517	-11.915	3.511	-44.914	12.342	22.986	9.499	1
100.618	-11.915	3.511	-44.914	12.342	22.986	9.499	1
100.718	-11.915	3.511	-44.914	12.342	22.986	9.499	1
100.818	-11.915	3.511	-44.914	12.342	22.986	9.499	1
100.918	-11.915	3.511	-44.914	12.342	22.986	9.499	1
101.018	-11.915	3.511	-44.914	12.342	22.986	9.499	1
101.119	-11.915	3.511	-44.914	12.342	22.986	9.499	1
101.219	-11.915	3.511	-44.914	12.342	22.986	9.499	1
101.319	-11.915	3.511	-44.914	12.342	22.986	9.499	1
101.419	-11.915	3.511	-44.914	12.342	22.986	9.499	1
101.519	-11.915	3.511	-44.914	12.342	22.986	9.499	1
101.620	-11.915	3.511	-44.914	12.342	22.986	9.499	1
101.720	-11.915	3.511	-44.914	12.342	22.986	9.499	1
101.820	-11.915	3.511	-44.914	12.342	22.986	9.499	1
101.920	-11.915	3.511	-44.914	12.342	22.986	9.499	1
102.020	-11.915	3.511	-44.914	12.342	22.986	9.499	1
102.121	-11.915	3.511	-44.914	12.342	22.986	9.499	1
102.221	-11.915	3.511	-44.914	12.342	22.986	9.499	1
102.321	-11.915	3.511	-44.914	12.342	22.986	9.499	1
102.421	-11.915	3.511	-44.914	12.342	22.986	9.499	1
102.521	-11.915	3.511	-44.914	12.342	22.986	9.499	1
102.622	-11.915	3.511	-44.914	12.342	22.986	9.499	1
102.705	-11.915	3.511	-44.914	12.342	22.986	9.499	1
102.805	-11.915	3.511	-44.914	12.342	22.986	9.499	1
102.905	-11.915	3.511	-44.914	12.342	22.986	9.499	1
103.006	-11.915	3.511	-44.914	12.342	22.986	9.499	1
103.106	-11.915	3.511	-44.914	12.342	22.986	9.499	1
103.206	-11.915	3.511	-44.914	12.342	22.986	9.499	1
103.306	-11.915	3.511	-44.914	12.342	22.986	9.499	1
103.406	-11.915	3.511	-44.914	12.342	22.986	9.499	1
103.507	-11.915	3.511	-44.914	12.342	22.986	9.499	1
103.607	-11.915	3.511	-44.914	12.342	22.986	9.499	1
103.707	-11.915	3.511	-44.914	12.342	22.986	9.499	1
103.807	-11.915	3.511	-44.914	12.342	22.986	9.499	1
103.907	-11.915	3.511	-44.914	12.342	22.986	9.499	1
104.008	-11.915	3.511	-44.914	12.342	22.986	9.499	1
104.108	-11.915	3.511	-44.914	12.342	22.986	9.499	1
104.208	-11.915	3.511	-44.914	12.342	22.986	9.499	1
104.308	-11.915	3.511	-44.914	12.342	22.986	9.499	1
104.408	-11.915	3.511	-44.914	12.342	22.986	9.499	1
104.509	-11.915	3.511	-44.914	12.342	22.986	9.499	1
104.609	-11.915	3.511	-44.914	12.342	22.986	9.499	1
104.709	-11.706	3.394	-44.422	12.342	22.986	9.499	1
104.809	-11.317	3.176	-43.503	12.342	22.986	9.499	1
104.909	-11.000	2.998	-42.756	12.342	22.986	9.499	1
105.010	-10.683	2.829	-42.040	12.072	24.604	9.841	1
105.110	-10.318	2.669	-41.347	11.314	28.872	10.706	1
105.210	-10.054	2.574	-40.919	10.583	32.678	11.429	1
105.310	-9.558	2.445	-40.304	8.325	43.156	13.155	1
105.410	-9.558	2.445	-40.304	6.436	50.981	14.162	1
105.511	-9.558	2.445	-40.304	4.700	57.723	14.817	1
105.610	-9.558	2.445	-40.304	3.229	63.217	15.197	1
105.706	-9.558	2.445	-40.304	2.849	64.613	15.271	1
105.811	-9.558	2.445	-40.304	2.212	66.943	15.374	1
105.911	-9.558	2.445	-40.304	0.837	71.916	15.507	1
106.012	-9.558	2.445	-40.304	359.664	76.143	15.525	1
106.112	-9.558	2.445	-40.304	356.852	86.350	15.214	1
106.212	-9.558	2.445	-40.304	354.954	93.460	14.705	1
106.312	-9.558	2.445	-40.304	353.052	100.947	13.922	1
106.412	-9.558	2.445	-40.304	351.199	108.796	12.845	1
106.513	-9.558	2.445	-40.304	350.085	113.914	12.012	1
106.606	-9.558	2.445	-40.304	347.743	126.362	9.609	1
106.713	-9.558	2.445	-40.304	346.818	132.385	8.281	1
106.813	-9.558	2.445	-40.304	346.433	135.212	7.627	1
106.913	-9.558	2.445	-40.304	346.085	138.015	6.961	1
107.014	-9.558	2.445	-40.304	346.069	138.149	6.929	1
107.114	-9.558	2.445	-40.304	346.069	138.149	6.929	1
107.206	-9.558	2.445	-40.304	348.769	138.483	6.856	1
107.314	-9.558	2.445	-40.304	352.876	138.980	6.777	1
107.414	-9.558	2.445	-40.304	357.834	139.569	6.729	1
107.514	-9.558	2.445	-40.304	0.760	139.914	6.725	1
107.606	-9.250	2.436	-40.670	0.972	139.939	6.725	1
107.715	-8.776	2.424	-41.234	0.972	139.939	6.725	1
107.815	-8.303	2.412	-41.796	0.972	139.939	6.725	1
107.915	-7.952	2.402	-42.214	0.972	139.939	6.725	1
108.014	-7.148	2.381	-43.170	0.972	139.939	6.725	1
108.106	-6.675	2.369	-43.732	0.972	139.939	6.725	1
108.216	-6.345	2.360	-44.124	0.972	139.939	6.725	1
108.316	-5.729	2.344	-44.857	0.972	139.939	6.725	1
108.414	-5.090	2.327	-45.617	0.972	139.939	6.725	1
108.517	-4.780	2.319	-45.985	0.972	139.939	6.725	1
108.617	-4.141	2.302	-46.746	0.972	139.939	6.725	1
108.717	-3.642	2.289	-47.339	0.972	139.939	6.725	1
108.817	-3.111	2.281	-47.969	0.044	139.830	6.724	1
108.917	-2.637	2.310	-48.526	356.933	139.463	6.734	1
109.018	-2.302	2.359	-48.914	353.686	139.077	6.765	1
109.114	-1.474	2.663	-49.839	341.702	137.590	7.084	1
109.210	-1.474	2.663	-49.839	334.093	136.542	7.480	1
109.318	-1.474	2.663	-49.839	329.026	135.767	7.849	1
109.418	-1.474	2.663	-49.839	319.260	137.571	6.819	1
109.519	-1.474	2.663	-49.839	314.394	143.415	2.889	1
109.619	-1.474	2.663	-49.839	311.923	153.730	355.376	1
109.719	-1.474	2.663	-49.839	312.953	164.962	347.077	1
109.819	-1.474	2.663	-49.839	314.332	172.144	341.876	1
109.918	-1.474	2.663	-49.839	319.515	188.238	330.834	1
110.014	-1.474	2.663	-49.839	323.564	196.573	325.641	1
110.120	-1.474	2.663	-49.839	326.562	201.640	322.737	1
110.206	-1.474	2.663	-49.839	333.090	210.755	318.141	1
110.320	-1.474	2.663	-49.839	337.150	215.572	316.112	1
110.420	-1.474	2.663	-49.839	339.948	218.635	314.991	1
110.521	-1.474	2.663	-49.839	341.037	219.783	314.608	1
110.621	-1.474	2.663	-49.839	341.111	219.860	314.583	1
110.718	-1.474	2.663	-49.839	338.336	216.893	315.612	1
110.814	-1.474	2.663	-49.839	335.740	216.673	315.677	1
110.921	-1.474	2.663	-49.839	335.075	217.032	315.526	1
111.018	-1.474	2.663	-49.839	335.075	217.032	315.526	1
111.105	-1.474	2.663	-49.839	335.075	217.032	315.526	1
111.205	-2.033	3.094	-50.580	335.075	217.032	315.526	1
111.306	-2.574	3.512	-51.297	335.075	217.032	315.526	1
111.406	-2.855	3.728	-51.669	335.075	217.032	315.526	1
111.506	-3.406	4.162	-52.370	333.293	219.004	314.667	1
111.606	-3.551	4.281	-52.543	330.125	222.758	312.887	1
111.706	-3.551	4.281	-52.543	325.802	228.546	309.812	1
111.807	-3.551	4.281	-52.543	321.132	236.089	305.314	1
111.907	-3.551	4.281	-52.543	318.113	242.101	301.416	1
112.006	-3.551	4.281	-52.543	313.989	253.015	293.825	1
112.107	-4.038	4.814	-52.669	313.129	255.991	291.668	1
112.207	-4.379	5.191	-52.751	312.939	256.699	291.151	1
112.308	-4.379	5.191	-52.751	312.939	256.699	291.151	1
112.408	-4.379	5.191	-52.751	312.939	256.699	291.151	1
112.508	-4.379	5.191	-52.751	313.231	256.863	291.030	1
112.608	-4.379	5.191	-52.751	316.392	258.534	289.844	1
112.708	-4.379	5.191	-52.751	321.217	260.755	288.380	1
112.809	-4.379	5.191	-52.751	327.739	263.301	286.898	1
112.906	-4.379	5.191	-52.751	336.959	266.321	285.492	1
113.009	-4.379	5.191	-52.751	344.114	268.374	284.807	1
113.109	-4.379	5.191	-52.751	351.512	270.343	284.390	1
113.209	-4.379	5.191	-52.751	358.594	272.155	284.233	1
113.310	-4.379	5.191	-52.751	3.269	273.342	284.253	1
113.410	-4.379	5.191	-52.751	13.831	276.091	284.663	1
113.510	-4.379	5.191	-52.751	21.553	278.260	285.324	1
113.610	-4.379	5.191	-52.751	28.000	282.141	287.012	1
113.710	-4.379	5.191	-52.751	30.916	288.446	290.224	1
113.811	-4.379	5.191	-52.751	31.102	294.027	293.146	1
113.911	-4.379	5.191	-52.751	26.397	306.065	299.001	1
114.011	-4.379	5.191	-52.751	22.324	313.624	302.125	1
114.111	-4.379	5.191	-52.751	17.707	321.063	304.676	1
114.210	-4.379	5.191	-52.751	12.695	328.299	306.577	1
114.312	-4.379	5.191	-52.751	9.231	332.974	307.467	1
114.412	-4.379	5.191	-52.751	5.366	337.996	308.106	1
114.512	-4.379	5.191	-52.751	3.486	340.391	308.291	1
114.612	-4.379	5.191	-52.751	2.171	342.057	308.373	1
114.712	-4.379	5.191	-52.751	2.171	342.057	308.373	1
114.813	-4.547	5.170	-52.232	2.171	342.057	308.373	1
114.913	-4.783	5.141	-51.502	2.171	342.057	308.373	1
115.013	-4.861	5.131	-51.260	2.171	342.057	308.373	1
115.113	-4.861	5.131	-51.260	1.973	342.307	308.382	1
115.213	-4.861	5.131	-51.260	0.384	344.312	308.424	1
115.314	-4.861	5.131	-51.260	357.417	348.056	308.352	1
115.414	-4.861	5.131	-51.260	353.030	353.661	307.884	1
115.514	-4.861	5.131	-51.260	349.715	358.019	307.230	1
115.614	-4.861	5.131	-51.260	343.489	6.738	305.203	1
115.710	-4.798	5.235	-50.997	339.142	13.501	303.032	1
115.815	-4.674	5.425	-50.539	337.876	15.625	302.254	1
115.906	-4.392	5.835	-49.606	337.089	16.989	301.732	1
116.015	-4.186	6.132	-48.933	337.089	16.989	301.732	1
116.115	-3.970	6.445	-48.226	337.089	16.989	301.732	1
116.215	-3.755	6.757	-47.520	337.089	16.989	301.732	1
116.316	-3.615	6.957	-47.065	337.306	17.134	301.675	1
116.416	-3.304	7.327	-46.134	340.599	19.279	300.905	1
116.516	-3.020	7.544	-45.416	345.598	22.349	300.011	1
116.616	-2.674	7.686	-44.674	352.569	26.383	299.246	1
116.716	-2.674	7.686	-44.674	358.017	29.153	299.005	1
116.817	-2.674	7.686	-44.674	1.292	29.415	298.981	1
116.917	-2.674	7.686	-44.674	5.658	25.753	298.689	1
117.017	-2.674	7.686	-44.674	7.868	21.936	298.234	1
117.117	-2.674	7.686	-44.674	12.356	13.185	296.694	1
117.214	-2.674	7.686	-44.674	14.748	8.166	295.516	1
117.318	-2.674	7.686	-44.674	15.353	6.843	295.173	1
117.410	-2.674	7.686	-44.674	15.389	6.764	295.152	1
117.510	-2.674	7.686	-44.674	15.389	6.764	295.152	1
117.606	-2.674	7.686	-44.674	15.389	6.764	295.152	1
117.706	-2.674	7.686	-44.674	15.286	6.991	295.212	1
117.819	-2.674	7.686	-44.674	14.699	8.273	295.544	1
117.919	-2.674	7.686	-44.674	12.159	13.584	296.778	1
118.019	-2.674	7.686	-44.674	8.961	19.865	297.931	1
118.119	-2.674	7.686	-44.674	5.148	26.970	298.805	1
118.219	-2.259	7.647	-43.991	2.179	32.338	299.149	1
118.320	-1.951	7.637	-43.540	0.725	34.942	299.215	1
118.420	-1.341	7.641	-42.719	359.556	37.032	299.220	1
118.520	-0.878	7.647	-42.106	359.537	37.066	299.219	1
118.620	-0.416	7.653	-41.494	359.537	37.066	299.219	1
118.714	0.198	7.659	-40.673	359.938	36.349	299.223	1
118.806	0.612	7.646	-40.069	1.424	33.692	299.191	1
118.906	1.020	7.603	-39.382	4.060	28.948	298.964	1
119.006	1.361	7.538	-38.658	4.544	24.199	298.633	1
119.121	1.566	7.503	-38.153	3.200	21.453	298.461	1
119.221	1.917	7.474	-37.196	1.214	19.911	298.404	1
119.322	2.192	7.466	-36.480	0.340	21.382	298.423	1
119.405	2.511	7.478	-35.746	358.480	24.822	298.388	1
119.505	2.872	7.516	-35.032	356.849	27.191	298.294	1
119.605	3.105	7.553	-34.580	355.370	27.230	298.290	1
119.706	3.554	7.701	-33.634	350.062	24.330	298.658	1
119.806	3.653	7.752	-33.405	343.896	20.816	299.451	1
119.906	3.653	7.752	-33.405	336.144	16.008	301.099	1
120.006	3.653	7.752	-33.405	329.372	11.217	303.296	1
120.106	3.653	7.752	-33.405	324.860	7.555	305.287	1
120.207	3.653	7.752	-33.405	316.501	359.149	310.633	1
120.307	3.653	7.752	-33.405	310.709	351.190	316.408	1
120.407	3.653	7.752	-33.405	306.267	340.349	324.957	1
120.507	3.653	7.752	-33.405	306.058	328.820	334.380	1
120.607	3.653	7.752	-33.405	307.930	322.236	339.689	2
120.708	3.653	7.752	-33.405	316.263	314.277	345.745	2
120.808	3.653	7.752	-33.405	323.719	311.809	347.342	2
120.908	3.653	7.752	-33.405	331.220	309.896	348.373	2
121.008	3.653	7.752	-33.405	338.813	308.227	349.079	2
121.108	3.653	7.752	-33.405	344.113	307.166	349.417	2
121.206	3.653	7.752	-33.405	356.721	304.828	349.808	2
121.309	3.653	7.752	-33.405	3.927	303.532	349.801	2
121.409	3.653	7.752	-33.405	8.988	302.612	349.697	2
121.509	3.653	7.752	-33.405	19.366	300.622	349.208	2
121.609	3.653	7.752	-33.405	27.204	298.945	348.544	2
121.710	3.653	7.752	-33.405	35.690	296.831	347.438	2
121.810	3.653	7.752	-33.405	43.448	294.450	345.917	2
121.910	3.653	7.752	-33.405	49.030	292.311	344.370	2
122.010	3.653	7.752	-33.405	56.522	284.383	338.104	2
122.110	3.653	7.752	-33.405	60.502	274.681	329.883	2
122.211	3.653	7.752	-33.405	62.561	246.356	305.101	2
122.311	3.653	7.752	-33.405	58.435	226.189	287.730	2
122.411	3.653	7.752	-33.405	51.440	214.502	278.230	2
122.511	3.653	7.752	-33.405	44.076	210.103	275.036	2
122.611	3.653	7.752	-33.405	38.645	209.102	274.374	2
122.712	3.653	7.752	-33.405	28.433	208.219	273.884	2
122.810	3.653	7.752	-33.405	18.257	207.496	273.596	2
122.912	3.653	7.752	-33.405	12.472	207.124	273.497	2
123.006	3.653	7.752	-33.405	5.268	204.121	273.125	2
123.112	3.653	7.752	-33.405	2.444	199.649	272.903	2
123.213	3.653	7.752	-33.405	1.508	193.485	272.731	2
123.313	3.653	7.752	-33.405	1.837	186.320	272.521	2
123.406	3.653	7.752	-33.405	2.114	179.727	272.294	2
123.513	3.653	7.752	-33.405	2.218	177.071	272.193	2
123.613	3.653	7.752	-33.405	2.233	176.678	272.178	2
123.714	3.653	7.752	-33.405	2.223	176.938	272.188	2
123.810	3.653	7.752	-33.405	2.026	181.890	272.372	2
123.914	3.653	7.752	-33.405	1.781	187.588	272.561	2
124.014	3.653	7.752	-33.405	1.570	192.182	272.696	2
124.114	3.653	7.752	-33.405	1.296	197.844	272.838	2
124.210	3.403	7.737	-34.095	1.184	200.096	272.886	2
124.315	3.238	7.727	-34.545	1.182	200.128	272.887	2
124.415	2.885	7.706	-35.509	1.182	200.128	272.887	2
124.515	2.628	7.691	-36.209	1.182	200.128	272.887	2
124.615	2.368	7.675	-36.920	1.182	200.128	272.887	2
124.711	2.022	7.653	-37.862	1.442	200.142	272.887	2
124.806	1.762	7.611	-38.569	3.854	200.263	272.893	2
124.916	1.507	7.535	-39.255	6.723	200.409	272.906	2
125.016	1.240	7.437	-39.971	7.292	200.438	272.910	2
125.114	0.908	7.316	-40.862	7.292	200.438	272.910	2
125.206	0.653	7.222	-41.546	7.292	200.438	272.910	2
125.317	0.399	7.129	-42.230	7.292	200.438	272.910	2
125.417	0.232	7.068	-42.676	7.292	200.438	272.910	2
125.514	-0.201	6.909	-43.839	7.292	200.438	272.910	2
125.606	-0.456	6.816	-44.522	7.292	200.438	272.910	2
125.718	-0.623	6.755	-44.968	7.279	200.691	272.942	2
125.818	-0.960	6.634	-45.861	7.082	200.681	272.941	2
125.918	-1.329	6.547	-46.843	3.304	200.486	272.923	2
126.018	-1.495	6.537	-47.292	0.358	200.336	272.918	2
126.118	-1.835	6.625	-48.219	352.764	200.193	272.911	2
126.219	-2.104	6.752	-48.893	349.453	202.341	272.530	2
126.319	-2.401	6.901	-49.549	347.964	205.135	271.967	2
126.410	-2.821	7.108	-50.424	347.946	205.669	271.856	2
126.519	-3.132	7.261	-51.071	347.946	205.669	271.856	2
126.619	-3.240	7.315	-51.297	347.946	205.669	271.856	2
126.720	-3.240	7.315	-51.297	347.946	205.669	271.856	2
126.820	-3.240	7.315	-51.297	347.946	205.669	271.856	2
126.918	-3.240	7.315	-51.297	347.946	205.669	271.856	2
127.010	-3.240	7.315	-51.297	347.946	205.669	271.856	2
127.120	-3.240	7.315	-51.297	347.946	205.669	271.856	3
127.221	-3.240	7.315	-51.297	347.946	205.669	271.856	3
127.318	-3.240	7.315	-51.297	347.946	205.669	271.856	3
127.406	-3.240	7.315	-51.297	347.946	205.669	271.856	3
127.521	-3.240	7.315	-51.297	347.946	205.669	271.856	3
127.618	-3.240	7.315	-51.297	347.946	205.669	271.856	3
127.710	-3.240	7.315	-51.297	347.946	205.669	271.856	3
127.805	-3.240	7.315	-51.297	347.946	205.669	271.856	3
127.905	-3.240	7.315	-51.297	347.946	205.669	271.856	3
128.006	-3.240	7.315	-51.297	347.946	205.669	271.856	3
128.106	-3.240	7.315	-51.297	348.031	203.310	272.347	3
128.206	-3.240	7.315	-51.297	348.142	200.818	272.861	3
128.306	-3.240	7.315	-51.297	348.304	197.833	273.470	3
128.406	-3.240	7.315	-51.297	348.317	197.614	273.515	3
128.507	-3.240	7.315	-51.297	348.317	197.614	273.515	3
128.607	-3.240	7.315	-51.297	348.317	197.614	273.515	3
128.707	-3.240	7.315	-51.297	348.317	197.614	273.515	3
128.806	-3.240	7.315	-51.297	348.317	197.614	273.515	3
128.907	-3.240	7.315	-51.297	348.317	197.614	273.515	3
129.008	-3.240	7.315	-51.297	348.317	197.614	273.515	14
129.108	-3.240	7.315	-51.297	348.317	197.614	273.515	14
129.208	-3.240	7.315	-51.297	348.317	197.614	273.515	14
129.308	-3.240	7.315	-51.297	350.678	197.761	273.488	14
129.408	-3.240	7.315	-51.297	354.666	198.005	273.457	14
129.509	-3.240	7.315	-51.297	0.901	198.381	273.442	14
129.606	-3.240	7.315	-51.297	10.490	198.964	273.501	14
129.709	-3.240	7.315	-51.297	17.494	199.413	273.609	14
129.809	-3.240	7.315	-51.297	24.849	199.922	273.794	14
129.909	-3.240	7.315	-51.297	32.529	200.525	274.083	14
130.006	-3.240	7.315	-51.297	42.405	201.475	274.664	14
130.110	-3.240	7.315	-51.297	50.038	202.442	275.364	14
130.210	-3.240	7.315	-51.297	57.381	203.719	276.395	14
130.310	-3.240	7.315	-51.297	64.734	205.068	277.562	14
130.410	-3.240	7.315	-51.297	72.343	196.961	269.858	14
130.511	-3.240	7.315	-51.297	74.847	178.256	251.831	14
130.611	-3.240	7.315	-51.297	71.985	154.026	228.525	14
130.711	-3.240	7.315	-51.297	68.521	144.187	219.258	14
130.811	-3.240	7.315	-51.297	60.204	131.515	207.794	14
130.906	-3.240	7.315	-51.297	51.171	124.149	201.688	14
131.012	-3.240	7.315	-51.297	46.379	121.409	199.626	14
131.112	-3.240	7.315	-51.297	36.635	117.136	196.783	14
131.212	-3.240	7.315	-51.297	29.590	114.708	195.454	14
131.312	-3.240	7.315	-51.297	22.387	112.565	194.513	14
131.410	-3.240	7.315	-51.297	16.154	110.890	193.960	14
131.513	-3.240	7.315	-51.297	13.943	110.324	193.813	14
131.613	-3.240	7.315	-51.297	13.325	110.168	193.776	14
131.710	-3.240	7.315	-51.297	13.325	110.168	193.776	14
131.813	-3.240	7.315	-51.297	13.147	110.124	193.766	14
131.913	-3.240	7.315	-51.297	12.696	109.122	193.545	14
132.014	-3.240	7.315	-51.297	13.399	106.048	192.851	14
132.114	-3.240	7.315	-51.297	14.035	103.094	192.150	14
132.210	-3.240	7.315	-51.297	16.174	91.309	189.069	14
132.309	-3.240	7.315	-51.297	17.272	83.040	186.686	14
132.414	-3.240	7.315	-51.297	17.799	77.668	185.066	14
132.515	-3.240	7.315	-51.297	18.396	67.272	181.829	14
132.615	-3.240	7.315	-51.297	18.469	59.154	179.258	14
132.715	-3.240	7.315	-51.297	18.199	51.079	176.714	14
132.815	-3.240	7.315	-51.297	17.591	43.015	174.232	14
132.915	-3.240	7.315	-51.297	16.922	37.020	172.452	14
133.016	-3.240	7.315	-51.297	15.259	26.189	169.442	14
133.116	-3.240	7.315	-51.297	13.645	18.067	167.412	14
133.216	-3.240	7.315	-51.297	11.789	10.129	165.661	14
133.316	-3.240	7.315	-51.297	9.767	2.489	164.230	14
133.416	-3.240	7.315	-51.297	8.626	358.484	163.590	14
133.517	-3.240	7.315	-51.297	7.313	354.072	162.978	14
133.617	-3.240	7.315	-51.297	7.131	353.476	162.903	14
133.717	-3.240	7.315	-51.297	7.933	353.227	162.870	14
133.817	-3.240	7.315	-51.297	11.255	352.183	162.696	14
133.917	-3.240	7.315	-51.297	14.654	351.089	162.451	14
134.018	-3.240	7.315	-51.297	24.829	347.550	161.251	14
134.106	-3.240	7.315	-51.297	32.661	344.388	159.726	14
134.218	-3.240	7.315	-51.297	41.017	340.279	157.255	14
134.318	-3.240	7.315	-51.297	45.989	337.259	155.174	14
134.418	-3.240	7.315	-51.297	53.677	331.154	150.496	14
134.519	-3.240	7.315	-51.297	60.651	322.816	143.473	14
134.619	-3.240	7.315	-51.297	65.074	314.648	136.197	14
134.710	-3.240	7.315	-51.297	71.569	289.432	112.677	14
134.818	-3.240	7.315	-51.297	72.989	261.149	85.683	14
134.918	-3.240	7.315	-51.297	70.716	236.316	62.045	14
135.014	-3.240	7.315	-51.297	66.329	219.747	46.601	14
135.120	-3.240	7.315	-51.297	63.664	213.696	41.115	14
135.220	-3.292	7.120	-51.396	60.081	207.667	35.794	14
135.318	-3.518	6.269	-51.848	59.174	206.399	34.700	14
135.420	-3.627	5.857	-52.069	59.174	206.399	34.700	14
135.506	-3.862	4.974	-52.541	59.174	206.399	34.700	14
135.621	-4.029	4.345	-52.877	59.174	206.399	34.700	14
135.721	-4.205	3.684	-53.230	59.033	206.794	35.040	14
135.818	-4.205	3.684	-53.230	56.931	212.004	39.459	14
135.914	-4.205	3.684	-53.230	53.343	218.894	45.117	14
136.010	-4.205	3.684	-53.230	48.011	226.446	50.968	14
136.105	-4.205	3.684	-53.230	43.937	230.928	54.194	14
136.205	-4.205	3.684	-53.230	37.277	236.812	58.032	14
136.305	-4.205	3.684	-53.230	28.702	242.783	61.295	14
136.406	-4.205	3.684	-53.230	21.948	246.729	62.986	14
136.506	-4.205	3.684	-53.230	15.335	250.492	64.174	14
136.606	-4.205	3.684	-53.230	11.788	254.808	65.123	14
136.706	-4.205	3.684	-53.230	10.937	262.146	66.450	14
136.806	-4.205	3.684	-53.230	13.035	268.755	67.796	14
136.907	-4.205	3.684	-53.230	13.659	274.849	69.168	14
137.007	-4.205	3.684	-53.230	12.668	278.507	69.979	14
137.107	-4.205	3.684	-53.230	6.831	283.573	70.811	14
137.207	-4.205	3.684	-53.230	357.665	286.914	70.948	14
137.307	-4.205	3.684	-53.230	350.717	289.341	70.702	14
137.408	-4.205	3.684	-53.230	344.294	293.582	69.710	14
137.508	-4.205	3.684	-53.230	341.452	297.177	68.608	14
137.608	-4.205	3.684	-53.230	340.201	306.512	65.374	14
137.708	-4.205	3.684	-53.230	342.976	314.347	62.850	14
137.808	-4.205	3.684	-53.230	347.227	322.532	60.740	14
137.905	-4.205	3.684	-53.230	351.496	330.057	59.348	14
138.009	-4.205	3.684	-53.230	353.724	333.811	58.865	14
138.109	-4.318	3.707	-52.968	355.488	336.726	58.591	14
138.209	-4.550	3.750	-52.409	356.022	337.603	58.526	14
138.309	-4.975	3.828	-51.376	356.022	337.603	58.526	14
138.410	-5.304	3.888	-50.578	356.022	337.603	58.526	14
138.510	-5.526	3.928	-50.041	356.022	337.603	58.526	14
138.610	-5.852	3.987	-49.250	356.022	337.603	58.526	14
138.710	-6.175	4.033	-48.484	357.501	336.697	58.577	14
138.810	-6.574	4.018	-47.645	2.117	333.879	58.587	14
138.911	-6.704	3.998	-47.391	3.989	332.733	58.526	14
139.011	-7.312	3.777	-46.401	13.965	326.444	57.540	14
139.111	-7.806	3.487	-45.753	21.217	321.470	56.033	14
139.211	-8.169	3.233	-45.339	25.950	317.898	54.602	14
139.311	-8.688	2.862	-44.755	25.048	318.604	54.906	14
139.412	-8.879	2.730	-44.534	21.708	321.113	55.902	14
139.510	-8.879	2.730	-44.534	15.957	325.124	57.199	14
139.612	-8.879	2.730	-44.534	10.296	328.808	58.037	14
139.712	-8.879	2.730	-44.534	3.247	333.188	58.555	14
139.812	-8.879	2.730	-44.534	358.029	336.375	58.590	14
139.906	-8.879	2.730	-44.534	349.040	341.957	57.959	14
140.006	-8.879	2.730	-44.534	342.296	346.402	56.856	14
140.110	-8.879	2.730	-44.534	336.820	350.316	55.487	14
140.206	-8.879	2.730	-44.534	333.907	352.558	54.552	14
140.313	-8.879	2.730	-44.534	332.810	353.438	54.158	14
140.406	-8.879	2.730	-44.534	332.792	353.453	54.151	14
140.514	-8.879	2.730	-44.534	332.792	353.453	54.151	14
140.606	-8.879	2.730	-44.534	334.213	352.316	54.658	14
140.714	-8.879	2.730	-44.534	337.585	349.748	55.707	14
140.814	-8.879	2.730	-44.534	340.980	347.313	56.569	14
140.910	-8.879	2.730	-44.534	350.399	341.095	58.113	14
141.014	-8.879	2.730	-44.534	357.506	336.694	58.578	14
141.115	-8.879	2.730	-44.534	2.425	333.691	58.579	14
141.215	-8.879	2.730	-44.534	9.481	329.323	58.125	14
141.306	-8.879	2.730	-44.534	17.328	324.197	56.934	14
141.413	-8.879	2.730	-44.534	22.698	320.386	55.627	14
141.516	-8.879	2.730	-44.534	25.233	318.460	54.845	14
141.616	-8.879	2.730	-44.534	26.630	317.356	54.362	14
141.716	-8.879	2.730	-44.534	26.697	317.303	54.338	14
141.810	-8.879	2.730	-44.534	26.697	317.303	54.338	14
141.917	-8.879	2.730	-44.534	26.697	317.303	54.338	14
142.017	-8.879	2.730	-44.534	26.697	317.303	54.338	14
142.117	-8.879	2.730	-44.534	26.697	317.303	54.338	14
142.210	-8.879	2.730	-44.534	26.697	317.303	54.338	14
142.317	-8.879	2.730	-44.534	26.697	317.303	54.338	14
142.418	-8.879	2.730	-44.534	26.697	317.303	54.338	14
142.518	-8.879	2.730	-44.534	26.697	317.303	54.338	14
142.614	-8.879	2.730	-44.534	26.697	317.303	54.338	14
142.718	-8.879	2.730	-44.534	26.697	317.303	54.338	14
142.818	-8.879	2.730	-44.534	26.697	317.303	54.338	14
142.906	-8.879	2.730	-44.534	26.697	317.303	54.338	14
143.017	-8.879	2.730	-44.534	26.945	317.103	54.248	14
143.119	-8.879	2.730	-44.534	28.319	315.976	53.725	14
143.219	-8.879	2.730	-44.534	32.376	312.412	51.923	14
143.310	-8.879	2.730	-44.534	38.191	306.487	48.494	14
143.414	-8.879	2.730	-44.534	44.173	298.817	43.433	14
143.520	-8.879	2.730	-44.534	47.992	292.528	38.897	14
143.620	-8.879	2.730	-44.534	52.724	281.886	30.687	14
143.720	-8.879	2.730	-44.534	55.386	273.045	23.522	14
143.820	-8.879	2.730	-44.534	58.276	254.419	7.885	14
143.906	-8.879	2.730	-44.534	58.507	239.999	355.587	14
144.021	-8.879	2.730	-44.534	57.890	231.652	348.489	14
144.121	-8.879	2.730	-44.534	57.938	232.104	348.872	14
144.221	-8.879	2.730	-44.534	58.158	234.420	350.837	14
144.321	-8.879	2.730	-44.534	58.610	245.617	0.381	14
144.422	-8.879	2.730	-44.534	57.797	259.522	12.215	14
144.505	-8.879	2.730	-44.534	55.174	273.886	24.213	14
144.605	-8.879	2.730	-44.534	51.306	285.553	33.578	14
144.706	-8.879	2.730	-44.534	47.870	292.752	39.064	14
144.806	-8.879	2.730	-44.534	42.290	301.461	45.244	14
144.906	-8.879	2.730	-44.534	37.821	306.901	48.749	14
145.006	-8.879	2.730	-44.534	29.110	315.310	53.405	14
145.106	-8.879	2.730	-44.534	22.045	320.867	55.810	14
145.207	-8.879	2.730	-44.534	16.974	324.438	57.004	14
145.307	-8.879	2.730	-44.534	9.932	329.038	58.077	14
145.407	-8.879	2.730	-44.534	2.060	333.914	58.588	14
145.507	-8.879	2.730	-44.534	354.976	338.246	58.476	14
145.607	-8.879	2.730	-44.534	350.334	341.137	58.106	14
145.708	-8.879	2.730	-44.534	343.719	345.437	57.138	14
145.808	-8.879	2.730	-44.534	341.298	347.091	56.641	14
145.906	-8.879	2.730	-44.534	340.674	347.527	56.499	14
146.005	-8.879	2.730	-44.534	340.674	347.527	56.499	14
146.108	-8.879	2.730	-44.534	340.674	347.527	56.499	14
146.209	-8.879	2.730	-44.534	340.674	347.527	56.499	14
146.309	-8.879	2.730	-44.534	340.674	347.527	56.499	14
146.409	-8.879	2.730	-44.534	340.674	347.527	56.499	14
146.509	-8.879	2.730	-44.534	340.674	347.527	56.499	14
146.609	-8.879	2.730	-44.534	340.674	347.527	56.499	14
146.710	-8.879	2.730	-44.534	340.674	347.527	56.499	14
146.810	-8.879	2.730	-44.534	340.674	347.527	56.499	14
146.910	-8.879	2.730	-44.534	340.674	347.527	56.499	14
147.010	-8.879	2.730	-44.534	340.674	347.527	56.499	14
147.110	-8.879	2.730	-44.534	340.674	347.527	56.499	14
147.211	-8.879	2.730	-44.534	340.674	347.527	56.499	14
147.311	-8.879	2.730	-44.534	340.674	347.527	56.499	14
147.411	-8.879	2.730	-44.534	340.674	347.527	56.499	14
147.511	-8.879	2.730	-44.534	340.674	347.527	56.499	14
147.611	-8.879	2.730	-44.534	340.674	347.527	56.499	14
147.712	-8.879	2.730	-44.534	342.007	346.601	56.795	14
147.812	-8.879	2.730	-44.534	344.082	345.193	57.206	14
147.912	-8.879	2.730	-44.534	350.997	340.719	58.174	14
148.012	-8.879	2.730	-44.534	357.810	336.509	58.585	14
148.112	-8.879	2.730	-44.534	4.642	332.332	58.496	14
148.213	-8.879	2.730	-44.534	12.003	327.718	57.826	14
148.313	-8.879	2.730	-44.534	17.098	324.354	56.980	14
148.413	-8.879	2.730	-44.534	23.999	319.409	55.240	14
148.513	-8.879	2.730	-44.534	28.962	315.435	53.466	14
148.613	-8.879	2.730	-44.534	37.677	307.061	48.847	14
148.714	-8.879	2.730	-44.534	43.734	299.455	43.876	14
148.810	-8.879	2.730	-44.534	49.535	289.505	36.624	14
148.913	-8.879	2.730	-44.534	53.972	278.144	27.684	14
149.014	-8.879	2.730	-44.534	56.324	268.867	20.064	14
149.114	-8.879	2.730	-44.534	58.272	254.475	7.932	14
149.215	-8.879	2.730	-44.534	58.607	244.124	359.106	14
149.315	-8.879	2.730	-44.534	58.136	234.169	350.624	14
149.415	-8.879	2.730	-44.534	58.376	237.411	353.381	14
149.515	-8.879	2.730	-44.534	58.611	245.344	0.147	14
149.615	-8.879	2.730	-44.534	57.963	258.000	10.926	14
149.716	-8.879	2.730	-44.534	56.449	268.238	19.539	14
149.816	-8.879	2.730	-44.534	51.408	285.305	33.384	14
149.913	-8.879	2.730	-44.534	45.958	296.055	41.477	14
150.016	-8.879	2.730	-44.534	41.478	302.529	45.957	14
150.116	-8.879	2.730	-44.534	35.306	309.570	50.340	14
150.217	-8.879	2.730	-44.534	30.795	313.847	52.674	14
150.314	-8.879	2.730	-44.534	21.420	321.323	55.979	14
150.417	-8.879	2.730	-44.534	19.027	323.025	56.568	14
150.517	-8.879	2.730	-44.534	10.204	328.866	58.047	14
150.617	-8.879	2.730	-44.534	6.458	331.211	58.387	14
150.710	-8.879	2.730	-44.534	4.660	332.321	58.495	14
150.818	-8.879	2.730	-44.534	4.660	332.321	58.495	14
150.918	-8.879	2.730	-44.534	4.660	332.321	58.495	14
151.018	-8.879	2.730	-44.534	4.660	332.321	58.495	14
151.106	-8.879	2.730	-44.534	4.660	332.321	58.495	14
151.217	-8.879	2.730	-44.534	4.660	332.321	58.495	14
151.319	-8.879	2.730	-44.534	4.660	332.321	58.495	14
151.419	-8.879	2.730	-44.534	4.660	332.321	58.495	14
151.510	-8.879	2.730	-44.534	4.660	332.321	58.495	14
151.619	-8.879	2.730	-44.534	4.660	332.321	58.495	14
151.720	-8.879	2.730	-44.534	4.660	332.321	58.495	14
151.805	-8.879	2.730	-44.534	4.660	332.321	58.495	14
151.917	-8.879	2.730	-44.534	4.660	332.321	58.495	14
152.020	-8.879	2.730	-44.534	4.660	332.321	58.495	14
152.120	-8.879	2.730	-44.534	4.660	332.321	58.495	14
152.213	-8.879	2.730	-44.534	4.660	332.321	58.495	14
152.321	-8.879	2.730	-44.534	4.660	332.321	58.495	14
152.421	-8.879	2.730	-44.534	4.660	332.321	58.495	14
152.509	-8.879	2.730	-44.534	4.660	332.321	58.495	14
152.621	-8.879	2.730	-44.534	4.660	332.321	58.495	14
152.722	-8.879	2.730	-44.534	4.660	332.321	58.495	14
152.805	-8.879	2.730	-44.534	4.660	332.321	58.495	14
152.905	-8.879	2.730	-44.534	4.660	332.321	58.495	14
153.005	-8.879	2.730	-44.534	4.660	332.321	58.495	14
153.106	-8.879	2.730	-44.534	4.660	332.321	58.495	14
153.206	-8.879	2.730	-44.534	4.660	332.321	58.495	14
153.306	-8.879	2.730	-44.534	4.660	332.321	58.495	14
153.405	-8.879	2.730	-44.534	4.660	332.321	58.495	14
153.506	-8.879	2.730	-44.534	4.660	332.321	58.495	14
153.607	-8.879	2.730	-44.534	4.660	332.321	58.495	14
153.707	-8.879	2.730	-44.534	4.660	332.321	58.495	14
153.807	-8.879	2.730	-44.534	4.660	332.321	58.495	14
153.907	-8.879	2.730	-44.534	4.660	332.321	58.495	14
154.007	-8.879	2.730	-44.534	4.660	332.321	58.495	14
154.108	-8.879	2.730	-44.534	4.660	332.321	58.495	14
154.208	-8.879	2.730	-44.534	4.660	332.321	58.495	14
154.308	-8.879	2.730	-44.534	4.660	332.321	58.495	14
154.408	-8.879	2.730	-44.534	4.660	332.321	58.495	14
154.508	-8.879	2.730	-44.534	4.660	332.321	58.495	14
154.609	-8.879	2.730	-44.534	4.660	332.321	58.495	14
154.709	-8.879	2.730	-44.534	4.660	332.321	58.495	14
154.809	-8.879	2.730	-44.534	4.660	332.321	58.495	14
154.909	-8.879	2.730	-44.534	4.660	332.321	58.495	14
155.009	-8.879	2.730	-44.534	4.660	332.321	58.495	14
155.110	-8.879	2.730	-44.534	4.660	332.321	58.495	14
155.210	-8.879	2.730	-44.534	4.660	332.321	58.495	14
155.309	-8.879	2.730	-44.534	4.660	332.321	58.495	14
155.410	-8.879	2.730	-44.534	4.660	332.321	58.495	14
155.510	-8.879	2.730	-44.534	4.660	332.321	58.495	14
155.611	-8.879	2.730	-44.534	4.660	332.321	58.495	14
155.711	-8.879	2.730	-44.534	4.660	332.321	58.495	14
155.811	-8.879	2.730	-44.534	4.660	332.321	58.495	14
155.911	-8.879	2.730	-44.534	4.660	332.321	58.495	14
156.011	-8.879	2.730	-44.534	4.660	332.321	58.495	14
156.112	-8.879	2.730	-44.534	4.660	332.321	58.495	14
156.205	-8.879	2.730	-44.534	4.660	332.321	58.495	14
156.312	-8.879	2.730	-44.534	4.660	332.321	58.495	14
156.412	-8.879	2.730	-44.534	4.660	332.321	58.495	14
156.512	-8.879	2.730	-44.534	4.660	332.321	58.495	14
156.613	-8.879	2.730	-44.534	4.660	332.321	58.495	14
156.713	-8.879	2.730	-44.534	4.660	332.321	58.495	14
156.813	-8.879	2.730	-44.534	4.660	332.321	58.495	14
156.911	-8.879	2.730	-44.534	4.660	332.321	58.495	14
157.013	-8.879	2.730	-44.534	4.660	332.321	58.495	14
157.114	-8.879	2.730	-44.534	4.660	332.321	58.495	14
157.213	-8.879	2.730	-44.534	4.660	332.321	58.495	14
157.314	-8.879	2.730	-44.534	4.660	332.321	58.495	14
157.414	-8.879	2.730	-44.534	4.660	332.321	58.495	14
157.514	-8.879	2.730	-44.534	4.660	332.321	58.495	14
157.615	-8.879	2.730	-44.534	4.660	332.321	58.495	14
157.705	-8.879	2.730	-44.534	4.660	332.321	58.495	14
157.815	-8.879	2.730	-44.534	4.660	332.321	58.495	14
157.915	-8.879	2.730	-44.534	4.660	332.321	58.495	14
158.011	-8.879	2.730	-44.534	4.660	332.321	58.495	14
158.116	-8.879	2.730	-44.534	4.660	332.321	58.495	14
158.205	-8.879	2.730	-44.534	4.660	332.321	58.495	14
158.316	-8.879	2.730	-44.534	4.660	332.321	58.495	14
158.416	-8.879	2.730	-44.534	4.660	332.321	58.495	14
158.511	-8.879	2.730	-44.534	4.660	332.321	58.495	14
158.617	-8.879	2.730	-44.534	4.660	332.321	58.495	14
158.717	-8.879	2.730	-44.534	4.660	332.321	58.495	14
158.817	-8.879	2.730	-44.534	4.660	332.321	58.495	14
158.917	-8.879	2.730	-44.534	4.660	332.321	58.495	14
159.009	-8.879	2.730	-44.534	4.660	332.321	58.495	14
159.110	-8.879	2.730	-44.534	4.660	332.321	58.495	14
159.217	-8.879	2.730	-44.534	4.660	332.321	58.495	14
159.318	-8.879	2.730	-44.534	4.660	332.321	58.495	14
159.418	-8.879	2.730	-44.534	4.660	332.321	58.495	14
159.518	-8.879	2.730	-44.534	4.660	332.321	58.495	14
159.619	-8.879	2.730	-44.534	4.660	332.321	58.495	14
159.719	-8.879	2.730	-44.534	4.660	332.321	58.495	14
159.819	-8.879	2.730	-44.534	4.660	332.321	58.495	14
159.914	-8.879	2.730	-44.534	4.660	332.321	58.495	14
160.019	-8.879	2.730	-44.534	4.660	332.321	58.495	14
160.120	-8.879	2.730	-44.534	4.660	332.321	58.495	14
160.220	-8.879	2.730	-44.534	4.660	332.321	58.495	14
160.305	-8.879	2.730	-44.534	4.660	332.321	58.495	14
160.414	-8.879	2.730	-44.534	4.660	332.321	58.495	14
160.517	-8.879	2.730	-44.534	4.660	332.321	58.495	14
160.621	-8.879	2.730	-44.534	4.660	332.321	58.495	14
160.721	-8.879	2.730	-44.534	4.660	332.321	58.495	14
160.821	-8.879	2.730	-44.534	4.660	332.321	58.495	14
160.915	-8.879	2.730	-44.534	4.660	332.321	58.495	14
161.021	-8.879	2.730	-44.534	4.660	332.321	58.495	14
161.105	-8.879	2.730	-44.534	4.660	332.321	58.495	14
161.205	-8.879	2.730	-44.534	4.660	332.321	58.495	14
161.305	-8.879	2.730	-44.534	4.660	332.321	58.495	14
161.406	-8.879	2.730	-44.534	4.660	332.321	58.495	14
161.506	-8.879	2.730	-44.534	4.660	332.321	58.495	14
161.606	-8.879	2.730	-44.534	4.660	332.321	58.495	14
161.706	-8.879	2.730	-44.534	4.660	332.321	58.495	14
161.806	-8.879	2.730	-44.534	4.660	332.321	58.495	14
161.907	-8.879	2.730	-44.534	4.660	332.321	58.495	14
162.007	-8.879	2.730	-44.534	4.660	332.321	58.495	14
162.105	-8.879	2.730	-44.534	4.660	332.321	58.495	14
162.207	-8.879	2.730	-44.534	4.660	332.321	58.495	14
162.307	-8.879	2.730	-44.534	4.660	332.321	58.495	14
162.408	-8.879	2.730	-44.534	6.381	331.259	58.393	14
162.508	-8.879	2.730	-44.534	8.824	329.736	58.191	14
162.608	-8.879	2.730	-44.534	14.400	326.158	57.470	14
162.708	-8.879	2.730	-44.534	19.173	322.923	56.534	14
162.808	-8.879	2.730	-44.534	28.916	315.474	53.485	14
162.909	-8.879	2.730	-44.534	35.441	309.432	50.260	14
163.005	-8.879	2.730	-44.534	41.867	302.023	45.620	14
163.109	-8.879	2.730	-44.534	44.879	297.757	42.689	14
163.209	-8.879	2.730	-44.534	48.158	292.219	38.668	14
163.309	-8.879	2.730	-44.534	49.339	289.910	36.931	14
163.410	-8.879	2.730	-44.534	49.449	289.683	36.759	14
163.510	-8.879	2.730	-44.534	49.449	289.683	36.759	14
163.610	-8.879	2.730	-44.534	49.260	290.069	37.052	14
163.710	-8.879	2.730	-44.534	47.627	293.194	39.391	14
163.810	-8.879	2.730	-44.534	44.186	298.798	43.419	14
163.911	-8.879	2.730	-44.534	40.570	303.678	46.711	14
164.005	-8.879	2.730	-44.534	32.316	312.468	51.953	14
164.105	-8.879	2.730	-44.534	25.885	317.950	54.625	14
164.211	-8.879	2.730	-44.534	20.885	321.709	56.119	14
164.311	-8.879	2.730	-44.534	13.930	326.467	57.545	14
164.412	-8.879	2.730	-44.534	6.563	331.146	58.380	14
164.512	-8.879	2.730	-44.534	359.510	335.470	58.609	14
164.612	-8.879	2.730	-44.534	354.844	338.328	58.469	14
164.712	-8.879	2.730	-44.534	348.450	342.334	57.885	14
164.812	-8.879	2.730	-44.534	345.864	344.011	57.513	14
164.913	-8.879	2.730	-44.534	345.075	344.531	57.382	14
165.013	-8.879	2.730	-44.534	345.075	344.531	57.382	14
165.113	-8.879	2.730	-44.534	345.075	344.531	57.382	14
165.213	-8.879	2.730	-44.534	345.075	344.531	57.382	14
165.313	-8.879	2.730	-44.534	345.075	344.531	57.382	14
165.413	-8.879	2.730	-44.534	345.783	344.064	57.500	14
165.509	-8.879	2.730	-44.534	348.354	342.396	57.873	14
165.605	-8.879	2.730	-44.534	351.553	340.370	58.227	14
165.705	-8.879	2.730	-44.534	353.069	339.425	58.353	14
165.814	-8.879	2.730	-44.534	353.069	339.425	58.353	14
165.915	-8.879	2.730	-44.534	353.069	339.425	58.353	14
166.015	-8.879	2.730	-44.534	353.069	339.425	58.353	14
166.115	-8.879	2.730	-44.534	353.069	339.425	58.353	14
166.215	-8.879	2.730	-44.534	353.069	339.425	58.353	14
166.315	-8.879	2.730	-44.534	353.069	339.425	58.353	14
166.416	-8.879	2.730	-44.534	353.069	339.425	58.353	14
166.516	-8.879	2.730	-44.534	353.069	339.425	58.353	14
166.616	-8.879	2.730	-44.534	353.069	339.425	58.353	14
166.716	-8.879	2.730	-44.534	353.069	339.425	58.353	14
166.816	-8.879	2.730	-44.534	353.069	339.425	58.353	14
166.917	-8.879	2.730	-44.534	353.069	339.425	58.353	14
167.017	-8.879	2.730	-44.534	353.069	339.425	58.353	14
167.117	-8.967	2.761	-44.298	353.069	339.425	58.353	14
167.217	-9.247	2.858	-43.553	353.069	339.425	58.353	14
167.317	-9.526	2.954	-42.809	353.069	339.425	58.353	14
167.418	-9.705	3.016	-42.333	353.069	339.425	58.353	14
167.518	-10.085	3.148	-41.322	353.069	339.425	58.353	14
167.618	-10.352	3.240	-40.610	353.069	339.425	58.353	14
167.718	-10.631	3.337	-39.866	353.069	339.425	58.353	14
167.818	-10.913	3.434	-39.114	353.069	339.425	58.353	14
167.919	-11.100	3.499	-38.616	353.069	339.425	58.353	14
168.019	-11.100	3.499	-38.616	353.069	339.425	58.353	14
168.117	-11.100	3.499	-38.616	353.069	339.425	58.353	14
168.217	-11.100	3.499	-38.616	353.069	339.425	58.353	14
168.313	-11.100	3.499	-38.616	353.696	339.036	58.398	14
168.409	-11.100	3.499	-38.616	356.428	337.354	58.543	14
168.505	-11.100	3.499	-38.616	0.841	334.658	58.607	14
168.620	-11.100	3.499	-38.616	7.200	330.750	58.332	14
168.720	-11.100	3.499	-38.616	11.809	327.842	57.852	14
168.809	-11.100	3.499	-38.616	21.225	321.464	56.030	14
168.917	-11.100	3.499	-38.616	27.286	316.827	54.122	14
169.021	-11.100	3.499	-38.616	30.169	314.398	52.954	14
169.121	-11.100	3.499	-38.616	32.303	312.481	51.960	14
169.221	-11.100	3.499	-38.616	32.781	312.035	51.720	14
169.321	-11.100	3.499	-38.616	32.781	312.035	51.720	14
169.422	-11.100	3.499	-38.616	32.781	312.035	51.720	14
169.505	-11.100	3.499	-38.616	33.291	312.811	52.143	14
169.605	-11.100	3.499	-38.616	33.842	313.671	52.618	14
169.705	-11.100	3.499	-38.616	37.589	320.134	56.396	14
169.806	-11.100	3.499	-38.616	41.453	328.471	61.710	14
169.906	-11.100	3.499	-38.616	45.064	339.279	69.132	14
170.006	-11.100	3.499	-38.616	47.397	350.371	77.156	14
170.106	-11.100	3.499	-38.616	48.254	357.446	82.402	14
170.206	-11.100	3.499	-38.616	48.682	5.444	88.393	14
170.307	-11.100	3.499	-38.616	48.702	7.538	89.966	14
170.407	-11.100	3.499	-38.616	48.702	7.650	90.051	14
170.507	-11.100	3.499	-38.616	48.702	7.650	90.051	14
170.607	-11.100	3.499	-38.616	48.697	6.529	89.209	14
170.707	-11.100	3.499	-38.616	48.582	2.325	86.053	14
170.808	-11.100	3.499	-38.616	47.894	353.996	79.835	14
170.908	-11.100	3.499	-38.616	46.689	346.307	74.180	14
171.008	-11.100	3.499	-38.616	42.645	331.586	63.797	14
171.108	-11.100	3.499	-38.616	38.738	322.391	57.791	14
171.205	-11.100	3.499	-38.616	33.772	313.559	52.556	14
171.305	-11.100	3.499	-38.616	28.719	306.355	48.812	14
171.409	-11.100	3.499	-38.616	24.829	301.565	46.652	14
171.509	-11.100	3.499	-38.616	19.233	295.430	44.346	14
171.609	-11.100	3.499	-38.616	15.261	291.450	43.165	14
171.709	-11.100	3.499	-38.616	6.121	282.988	41.588	14
171.810	-11.100	3.499	-38.616	2.878	280.114	41.362	14
171.910	-11.100	3.499	-38.616	1.381	278.796	41.313	14
172.010	-11.100	3.499	-38.616	0.709	278.205	41.302	14
172.110	-11.100	3.499	-38.616	0.709	278.205	41.302	14
172.210	-11.100	3.499	-38.616	0.709	278.205	41.302	14
172.311	-11.100	3.499	-38.616	0.709	278.205	41.302	14
172.411	-11.356	3.496	-38.579	0.709	278.205	41.302	14
172.511	-12.085	3.487	-38.474	0.709	278.205	41.302	14
172.605	-13.095	3.474	-38.329	0.709	278.205	41.302	14
172.711	-13.827	3.465	-38.223	0.709	278.205	41.302	14
172.812	-14.585	3.458	-38.110	0.230	278.750	41.307	14
172.912	-15.310	3.474	-37.977	358.264	280.989	41.277	14
173.012	-15.743	3.497	-37.882	355.284	284.398	41.085	14
173.112	-15.743	3.497	-37.882	349.320	291.405	40.144	14
173.212	-15.743	3.497	-37.882	346.237	295.197	39.341	14
173.313	-15.743	3.497	-37.882	338.981	304.942	36.416	14
173.413	-15.743	3.497	-37.882	335.916	311.404	33.880	14
173.513	-15.743	3.497	-37.882	335.675	317.146	31.473	14
173.609	-15.743	3.497	-37.882	340.377	323.645	28.933	14
173.713	-15.743	3.497	-37.882	346.571	327.364	27.861	14
173.814	-15.743	3.497	-37.882	353.713	331.140	27.214	14
173.914	-15.743	3.497	-37.882	0.513	334.625	27.038	14
174.014	-15.743	3.497	-37.882	5.080	336.963	27.152	14
174.114	-15.743	3.497	-37.882	14.166	341.764	27.957	14
174.214	-15.743	3.497	-37.882	20.914	345.609	29.118	14
174.315	-15.743	3.497	-37.882	28.111	350.183	31.021	14
174.415	-15.743	3.497	-37.882	35.146	355.419	33.773	14
174.515	-15.743	3.497	-37.882	39.862	359.586	36.313	14
174.605	-15.743	3.497	-37.882	45.490	7.413	41.657	14
174.713	-15.743	3.497	-37.882	44.758	14.307	46.520	14
174.813	-15.743	3.497	-37.882	40.685	20.222	50.545	14
174.916	-15.743	3.497	-37.882	37.072	23.887	52.847	14
175.016	-15.743	3.497	-37.882	35.338	25.488	53.793	14
175.116	-15.743	3.497	-37.882	33.990	25.578	53.852	14
175.216	-15.743	3.497	-37.882	33.376	24.579	53.297	14
175.317	-15.743	3.497	-37.882	33.376	24.579	53.297	14
175.409	-15.743	3.497	-37.882	33.376	24.579	53.297	14
175.517	-15.743	3.497	-37.882	33.376	24.579	53.297	14
175.617	-15.743	3.497	-37.882	33.376	24.579	53.297	14
175.717	-15.654	3.357	-37.688	33.376	24.579	53.297	14
175.818	-15.475	3.073	-37.297	33.376	24.579	53.297	14
175.918	-15.137	2.525	-36.503	31.740	22.039	51.930	14
176.017	-15.059	2.394	-36.298	29.743	19.151	50.454	14
176.118	-15.059	2.394	-36.298	29.586	18.932	50.345	14
176.209	-15.059	2.394	-36.298	29.586	18.932	50.345	14
176.319	-15.059	2.394	-36.298	29.586	18.932	50.345	14
176.405	-15.059	2.394	-36.298	30.827	17.729	49.740	14
176.519	-15.059	2.394	-36.298	33.863	14.595	48.062	14
176.619	-15.059	2.394	-36.298	35.616	12.641	46.948	14
176.719	-15.059	2.394	-36.298	36.535	11.566	46.316	14
176.820	-15.059	2.394	-36.298	36.535	11.566	46.316	14
176.909	-15.059	2.394	-36.298	36.535	11.566	46.316	14
177.009	-14.971	2.069	-35.869	36.535	11.566	46.316	14
177.120	-14.889	1.765	-35.467	36.535	11.566	46.316	14
177.205	-14.889	1.765	-35.467	36.535	11.566	46.316	14
177.321	-14.889	1.765	-35.467	36.535	11.566	46.316	14
177.421	-14.889	1.765	-35.467	36.363	11.343	46.183	14
177.521	-14.889	1.765	-35.467	35.730	10.533	45.706	14
177.621	-14.889	1.765	-35.467	36.254	9.896	45.332	14

